       0	        0	        0	        0	        0	        0	        0	 
  0.0002	 4.85212e+06	   838890	   838890	   963731	   838890	   838890	 
  0.0004	 2.90462e+07	 4.60939e+06	 4.60939e+06	 6.1114e+06	 4.60939e+06	 4.60939e+06	 
  0.0006	 8.01526e+07	 1.22585e+07	 1.22585e+07	 1.75846e+07	 1.22585e+07	 1.22585e+07	 
  0.0008	 1.61081e+08	 2.42219e+07	 2.42219e+07	 3.66114e+07	 2.42219e+07	 2.42219e+07	 
   0.001	 2.72095e+08	 4.06704e+07	 4.06704e+07	 6.38421e+07	 4.06704e+07	 4.06704e+07	 
  0.0012	 4.11785e+08	 6.16069e+07	 6.16069e+07	 9.95173e+07	 6.16069e+07	 6.16069e+07	 
  0.0014	 5.77678e+08	 8.69203e+07	 8.69203e+07	 1.43577e+08	 8.69203e+07	 8.69203e+07	 
  0.0016	 7.66647e+08	 1.16419e+08	 1.16419e+08	 1.95736e+08	 1.16419e+08	 1.16419e+08	 
  0.0018	 9.75199e+08	 1.49857e+08	 1.49857e+08	 2.55547e+08	 1.49857e+08	 1.49857e+08	 
   0.002	 1.19969e+09	 1.86949e+08	 1.86949e+08	 3.22442e+08	 1.86949e+08	 1.86949e+08	 
  0.0022	 1.43646e+09	 2.27382e+08	 2.27382e+08	 3.9577e+08	 2.27382e+08	 2.27382e+08	 
  0.0024	 1.68196e+09	 2.70832e+08	 2.70832e+08	 4.74825e+08	 2.70832e+08	 2.70832e+08	 
  0.0026	 1.93282e+09	 3.16964e+08	 3.16964e+08	 5.58871e+08	 3.16964e+08	 3.16964e+08	 
  0.0028	 2.18589e+09	 3.65442e+08	 3.65442e+08	 6.47156e+08	 3.65442e+08	 3.65442e+08	 
   0.003	 2.43829e+09	 4.15933e+08	 4.15933e+08	 7.38933e+08	 4.15933e+08	 4.15933e+08	 
  0.0032	 2.68742e+09	 4.68111e+08	 4.68111e+08	 8.33463e+08	 4.68111e+08	 4.68111e+08	 
  0.0034	 2.93095e+09	 5.21659e+08	 5.21659e+08	 9.30035e+08	 5.21659e+08	 5.21659e+08	 
  0.0036	 3.16687e+09	 5.76273e+08	 5.76273e+08	 1.02796e+09	 5.76273e+08	 5.76273e+08	 
  0.0038	 3.39342e+09	 6.31659e+08	 6.31659e+08	 1.12659e+09	 6.31659e+08	 6.31659e+08	 
   0.004	 3.60913e+09	 6.87541e+08	 6.87541e+08	 1.22531e+09	 6.87541e+08	 6.87541e+08	 
  0.0042	 3.81277e+09	 7.43657e+08	 7.43657e+08	 1.32355e+09	 7.43657e+08	 7.43657e+08	 
  0.0044	 4.00336e+09	 7.9976e+08	 7.9976e+08	 1.42078e+09	 7.9976e+08	 7.9976e+08	 
  0.0046	 4.18014e+09	 8.5562e+08	 8.5562e+08	 1.51652e+09	 8.5562e+08	 8.5562e+08	 
  0.0048	 4.34255e+09	 9.11023e+08	 9.11023e+08	 1.61031e+09	 9.11023e+08	 9.11023e+08	 
   0.005	 4.49022e+09	 9.65772e+08	 9.65772e+08	 1.70176e+09	 9.65772e+08	 9.65772e+08	 
  0.0052	 4.62294e+09	 1.01968e+09	 1.01968e+09	 1.79051e+09	 1.01968e+09	 1.01968e+09	 
  0.0054	 4.74065e+09	 1.07259e+09	 1.07259e+09	 1.87624e+09	 1.07259e+09	 1.07259e+09	 
  0.0056	 4.84343e+09	 1.12435e+09	 1.12435e+09	 1.95868e+09	 1.12435e+09	 1.12435e+09	 
  0.0058	 4.93146e+09	 1.17481e+09	 1.17481e+09	 2.03759e+09	 1.17481e+09	 1.17481e+09	 
   0.006	 5.00504e+09	 1.22386e+09	 1.22386e+09	 2.11276e+09	 1.22386e+09	 1.22386e+09	 
  0.0062	 5.06453e+09	 1.27139e+09	 1.27139e+09	 2.18402e+09	 1.27139e+09	 1.27139e+09	 
  0.0064	 5.1104e+09	 1.3173e+09	 1.3173e+09	 2.25124e+09	 1.3173e+09	 1.3173e+09	 
  0.0066	 5.14313e+09	 1.36151e+09	 1.36151e+09	 2.31431e+09	 1.36151e+09	 1.36151e+09	 
  0.0068	 5.16328e+09	 1.40394e+09	 1.40394e+09	 2.37315e+09	 1.40394e+09	 1.40394e+09	 
   0.007	 5.17145e+09	 1.44454e+09	 1.44454e+09	 2.4277e+09	 1.44454e+09	 1.44454e+09	 
  0.0072	 5.16826e+09	 1.48326e+09	 1.48326e+09	 2.47795e+09	 1.48326e+09	 1.48326e+09	 
  0.0074	 5.15435e+09	 1.52005e+09	 1.52005e+09	 2.52388e+09	 1.52005e+09	 1.52005e+09	 
  0.0076	 5.13038e+09	 1.55488e+09	 1.55488e+09	 2.5655e+09	 1.55488e+09	 1.55488e+09	 
  0.0078	 5.09701e+09	 1.58774e+09	 1.58774e+09	 2.60285e+09	 1.58774e+09	 1.58774e+09	 
   0.008	 5.05489e+09	 1.6186e+09	 1.6186e+09	 2.63598e+09	 1.6186e+09	 1.6186e+09	 
  0.0082	 5.00469e+09	 1.64746e+09	 1.64746e+09	 2.66496e+09	 1.64746e+09	 1.64746e+09	 
  0.0084	 4.94706e+09	 1.67433e+09	 1.67433e+09	 2.68985e+09	 1.67433e+09	 1.67433e+09	 
  0.0086	 4.88263e+09	 1.69919e+09	 1.69919e+09	 2.71074e+09	 1.69919e+09	 1.69919e+09	 
  0.0088	 4.81204e+09	 1.72208e+09	 1.72208e+09	 2.72774e+09	 1.72208e+09	 1.72208e+09	 
   0.009	 4.73586e+09	 1.743e+09	 1.743e+09	 2.74096e+09	 1.743e+09	 1.743e+09	 
  0.0092	 4.65471e+09	 1.76198e+09	 1.76198e+09	 2.75051e+09	 1.76198e+09	 1.76198e+09	 
  0.0094	 4.56912e+09	 1.77904e+09	 1.77904e+09	 2.75651e+09	 1.77904e+09	 1.77904e+09	 
  0.0096	 4.47965e+09	 1.79422e+09	 1.79422e+09	 2.75908e+09	 1.79422e+09	 1.79422e+09	 
  0.0098	 4.38679e+09	 1.80755e+09	 1.80755e+09	 2.75837e+09	 1.80755e+09	 1.80755e+09	 
    0.01	 4.29105e+09	 1.81906e+09	 1.81906e+09	 2.75451e+09	 1.81906e+09	 1.81906e+09	 
  0.0102	 4.19288e+09	 1.8288e+09	 1.8288e+09	 2.74762e+09	 1.8288e+09	 1.8288e+09	 
  0.0104	 4.09272e+09	 1.83681e+09	 1.83681e+09	 2.73787e+09	 1.83681e+09	 1.83681e+09	 
  0.0106	 3.99097e+09	 1.84314e+09	 1.84314e+09	 2.72537e+09	 1.84314e+09	 1.84314e+09	 
  0.0108	 3.88802e+09	 1.84783e+09	 1.84783e+09	 2.71028e+09	 1.84783e+09	 1.84783e+09	 
   0.011	 3.78424e+09	 1.85092e+09	 1.85092e+09	 2.69274e+09	 1.85092e+09	 1.85092e+09	 
  0.0112	 3.67994e+09	 1.85248e+09	 1.85248e+09	 2.67288e+09	 1.85248e+09	 1.85248e+09	 
  0.0114	 3.57545e+09	 1.85254e+09	 1.85254e+09	 2.65085e+09	 1.85254e+09	 1.85254e+09	 
  0.0116	 3.47105e+09	 1.85117e+09	 1.85117e+09	 2.62677e+09	 1.85117e+09	 1.85117e+09	 
  0.0118	 3.36701e+09	 1.84842e+09	 1.84842e+09	 2.60079e+09	 1.84842e+09	 1.84842e+09	 
   0.012	 3.26355e+09	 1.84433e+09	 1.84433e+09	 2.57303e+09	 1.84433e+09	 1.84433e+09	 
  0.0122	 3.16091e+09	 1.83896e+09	 1.83896e+09	 2.54363e+09	 1.83896e+09	 1.83896e+09	 
  0.0124	 3.05929e+09	 1.83236e+09	 1.83236e+09	 2.51271e+09	 1.83236e+09	 1.83236e+09	 
  0.0126	 2.95885e+09	 1.82459e+09	 1.82459e+09	 2.48039e+09	 1.82459e+09	 1.82459e+09	 
  0.0128	 2.85978e+09	 1.81569e+09	 1.81569e+09	 2.44679e+09	 1.81569e+09	 1.81569e+09	 
   0.013	 2.7622e+09	 1.80573e+09	 1.80573e+09	 2.41203e+09	 1.80573e+09	 1.80573e+09	 
  0.0132	 2.66626e+09	 1.79475e+09	 1.79475e+09	 2.37622e+09	 1.79475e+09	 1.79475e+09	 
  0.0134	 2.57206e+09	 1.78281e+09	 1.78281e+09	 2.33946e+09	 1.78281e+09	 1.78281e+09	 
  0.0136	 2.4797e+09	 1.76995e+09	 1.76995e+09	 2.30187e+09	 1.76995e+09	 1.76995e+09	 
  0.0138	 2.38926e+09	 1.75622e+09	 1.75622e+09	 2.26353e+09	 1.75622e+09	 1.75622e+09	 
   0.014	 2.30082e+09	 1.74168e+09	 1.74168e+09	 2.22454e+09	 1.74168e+09	 1.74168e+09	 
  0.0142	 2.21444e+09	 1.72636e+09	 1.72636e+09	 2.18501e+09	 1.72636e+09	 1.72636e+09	 
  0.0144	 2.13016e+09	 1.71033e+09	 1.71033e+09	 2.145e+09	 1.71033e+09	 1.71033e+09	 
  0.0146	 2.04803e+09	 1.69362e+09	 1.69362e+09	 2.10461e+09	 1.69362e+09	 1.69362e+09	 
  0.0148	 1.96806e+09	 1.67628e+09	 1.67628e+09	 2.06392e+09	 1.67628e+09	 1.67628e+09	 
   0.015	 1.8903e+09	 1.65836e+09	 1.65836e+09	 2.023e+09	 1.65836e+09	 1.65836e+09	 
  0.0152	 1.81473e+09	 1.63989e+09	 1.63989e+09	 1.98193e+09	 1.63989e+09	 1.63989e+09	 
  0.0154	 1.74137e+09	 1.62092e+09	 1.62092e+09	 1.94076e+09	 1.62092e+09	 1.62092e+09	 
  0.0156	 1.67023e+09	 1.60148e+09	 1.60148e+09	 1.89957e+09	 1.60148e+09	 1.60148e+09	 
  0.0158	 1.60127e+09	 1.58163e+09	 1.58163e+09	 1.85841e+09	 1.58163e+09	 1.58163e+09	 
   0.016	 1.53451e+09	 1.56138e+09	 1.56138e+09	 1.81735e+09	 1.56138e+09	 1.56138e+09	 
  0.0162	 1.46991e+09	 1.54079e+09	 1.54079e+09	 1.77643e+09	 1.54079e+09	 1.54079e+09	 
  0.0164	 1.40745e+09	 1.51989e+09	 1.51989e+09	 1.7357e+09	 1.51989e+09	 1.51989e+09	 
  0.0166	 1.3471e+09	 1.49871e+09	 1.49871e+09	 1.69522e+09	 1.49871e+09	 1.49871e+09	 
  0.0168	 1.28884e+09	 1.47728e+09	 1.47728e+09	 1.65502e+09	 1.47728e+09	 1.47728e+09	 
   0.017	 1.23263e+09	 1.45564e+09	 1.45564e+09	 1.61514e+09	 1.45564e+09	 1.45564e+09	 
  0.0172	 1.17843e+09	 1.43381e+09	 1.43381e+09	 1.57563e+09	 1.43381e+09	 1.43381e+09	 
  0.0174	 1.1262e+09	 1.41183e+09	 1.41183e+09	 1.53651e+09	 1.41183e+09	 1.41183e+09	 
  0.0176	 1.07591e+09	 1.38973e+09	 1.38973e+09	 1.49782e+09	 1.38973e+09	 1.38973e+09	 
  0.0178	 1.0275e+09	 1.36752e+09	 1.36752e+09	 1.45958e+09	 1.36752e+09	 1.36752e+09	 
   0.018	 9.80943e+08	 1.34524e+09	 1.34524e+09	 1.42183e+09	 1.34524e+09	 1.34524e+09	 
  0.0182	 9.3618e+08	 1.32291e+09	 1.32291e+09	 1.38459e+09	 1.32291e+09	 1.32291e+09	 
  0.0184	 8.9317e+08	 1.30056e+09	 1.30056e+09	 1.34787e+09	 1.30056e+09	 1.30056e+09	 
  0.0186	 8.51865e+08	 1.2782e+09	 1.2782e+09	 1.3117e+09	 1.2782e+09	 1.2782e+09	 
  0.0188	 8.12217e+08	 1.25586e+09	 1.25586e+09	 1.2761e+09	 1.25586e+09	 1.25586e+09	 
   0.019	 7.74178e+08	 1.23356e+09	 1.23356e+09	 1.24108e+09	 1.23356e+09	 1.23356e+09	 
  0.0192	 7.37701e+08	 1.21132e+09	 1.21132e+09	 1.20665e+09	 1.21132e+09	 1.21132e+09	 
  0.0194	 7.02737e+08	 1.18915e+09	 1.18915e+09	 1.17282e+09	 1.18915e+09	 1.18915e+09	 
  0.0196	 6.69239e+08	 1.16707e+09	 1.16707e+09	 1.13962e+09	 1.16707e+09	 1.16707e+09	 
  0.0198	 6.37159e+08	 1.14511e+09	 1.14511e+09	 1.10703e+09	 1.14511e+09	 1.14511e+09	 
    0.02	 6.0645e+08	 1.12327e+09	 1.12327e+09	 1.07508e+09	 1.12327e+09	 1.12327e+09	 
  0.0202	 5.77066e+08	 1.10156e+09	 1.10156e+09	 1.04376e+09	 1.10156e+09	 1.10156e+09	 
  0.0204	 5.48961e+08	 1.08001e+09	 1.08001e+09	 1.01308e+09	 1.08001e+09	 1.08001e+09	 
  0.0206	 5.22089e+08	 1.05863e+09	 1.05863e+09	 9.83041e+08	 1.05863e+09	 1.05863e+09	 
  0.0208	 4.96407e+08	 1.03742e+09	 1.03742e+09	 9.53648e+08	 1.03742e+09	 1.03742e+09	 
   0.021	 4.71871e+08	 1.01639e+09	 1.01639e+09	 9.24898e+08	 1.01639e+09	 1.01639e+09	 
  0.0212	 4.48438e+08	 9.95571e+08	 9.95571e+08	 8.96792e+08	 9.95571e+08	 9.95571e+08	 
  0.0214	 4.26066e+08	 9.74955e+08	 9.74955e+08	 8.69327e+08	 9.74955e+08	 9.74955e+08	 
  0.0216	 4.04716e+08	 9.54556e+08	 9.54556e+08	 8.42501e+08	 9.54556e+08	 9.54556e+08	 
  0.0218	 3.84346e+08	 9.34382e+08	 9.34382e+08	 8.16311e+08	 9.34382e+08	 9.34382e+08	 
   0.022	 3.64919e+08	 9.1444e+08	 9.1444e+08	 7.90752e+08	 9.1444e+08	 9.1444e+08	 
  0.0222	 3.46397e+08	 8.94737e+08	 8.94737e+08	 7.6582e+08	 8.94737e+08	 8.94737e+08	 
  0.0224	 3.28744e+08	 8.75279e+08	 8.75279e+08	 7.41508e+08	 8.75279e+08	 8.75279e+08	 
  0.0226	 3.11922e+08	 8.56072e+08	 8.56072e+08	 7.17811e+08	 8.56072e+08	 8.56072e+08	 
  0.0228	 2.959e+08	 8.37121e+08	 8.37121e+08	 6.94721e+08	 8.37121e+08	 8.37121e+08	 
   0.023	 2.80642e+08	 8.18431e+08	 8.18431e+08	 6.72233e+08	 8.18431e+08	 8.18431e+08	 
  0.0232	 2.66117e+08	 8.00006e+08	 8.00006e+08	 6.50337e+08	 8.00006e+08	 8.00006e+08	 
  0.0234	 2.52293e+08	 7.81849e+08	 7.81849e+08	 6.29026e+08	 7.81849e+08	 7.81849e+08	 
  0.0236	 2.3914e+08	 7.63963e+08	 7.63963e+08	 6.08291e+08	 7.63963e+08	 7.63963e+08	 
  0.0238	 2.26629e+08	 7.46351e+08	 7.46351e+08	 5.88123e+08	 7.46351e+08	 7.46351e+08	 
   0.024	 2.14732e+08	 7.29015e+08	 7.29015e+08	 5.68514e+08	 7.29015e+08	 7.29015e+08	 
  0.0242	 2.03421e+08	 7.11958e+08	 7.11958e+08	 5.49454e+08	 7.11958e+08	 7.11958e+08	 
  0.0244	 1.92671e+08	 6.95179e+08	 6.95179e+08	 5.30934e+08	 6.95179e+08	 6.95179e+08	 
  0.0246	 1.82455e+08	 6.78681e+08	 6.78681e+08	 5.12942e+08	 6.78681e+08	 6.78681e+08	 
  0.0248	 1.72751e+08	 6.62464e+08	 6.62464e+08	 4.95471e+08	 6.62464e+08	 6.62464e+08	 
   0.025	 1.63534e+08	 6.46528e+08	 6.46528e+08	 4.78509e+08	 6.46528e+08	 6.46528e+08	 
  0.0252	 1.54782e+08	 6.30874e+08	 6.30874e+08	 4.62047e+08	 6.30874e+08	 6.30874e+08	 
  0.0254	 1.46474e+08	 6.15501e+08	 6.15501e+08	 4.46074e+08	 6.15501e+08	 6.15501e+08	 
  0.0256	 1.38589e+08	 6.00409e+08	 6.00409e+08	 4.30579e+08	 6.00409e+08	 6.00409e+08	 
  0.0258	 1.31106e+08	 5.85597e+08	 5.85597e+08	 4.15554e+08	 5.85597e+08	 5.85597e+08	 
   0.026	 1.24008e+08	 5.71064e+08	 5.71064e+08	 4.00986e+08	 5.71064e+08	 5.71064e+08	 
  0.0262	 1.17275e+08	 5.56808e+08	 5.56808e+08	 3.86866e+08	 5.56808e+08	 5.56808e+08	 
  0.0264	 1.1089e+08	 5.42828e+08	 5.42828e+08	 3.73184e+08	 5.42828e+08	 5.42828e+08	 
  0.0266	 1.04837e+08	 5.29123e+08	 5.29123e+08	 3.59928e+08	 5.29123e+08	 5.29123e+08	 
  0.0268	 9.90988e+07	 5.1569e+08	 5.1569e+08	 3.4709e+08	 5.1569e+08	 5.1569e+08	 
   0.027	 9.36609e+07	 5.02527e+08	 5.02527e+08	 3.34658e+08	 5.02527e+08	 5.02527e+08	 
  0.0272	 8.85082e+07	 4.89633e+08	 4.89633e+08	 3.22623e+08	 4.89633e+08	 4.89633e+08	 
  0.0274	 8.36269e+07	 4.77004e+08	 4.77004e+08	 3.10975e+08	 4.77004e+08	 4.77004e+08	 
  0.0276	 7.90034e+07	 4.64639e+08	 4.64639e+08	 2.99703e+08	 4.64639e+08	 4.64639e+08	 
  0.0278	 7.4625e+07	 4.52535e+08	 4.52535e+08	 2.88799e+08	 4.52535e+08	 4.52535e+08	 
   0.028	 7.04795e+07	 4.40688e+08	 4.40688e+08	 2.78251e+08	 4.40688e+08	 4.40688e+08	 
  0.0282	 6.65551e+07	 4.29096e+08	 4.29096e+08	 2.68051e+08	 4.29096e+08	 4.29096e+08	 
  0.0284	 6.28407e+07	 4.17756e+08	 4.17756e+08	 2.58189e+08	 4.17756e+08	 4.17756e+08	 
  0.0286	 5.93257e+07	 4.06665e+08	 4.06665e+08	 2.48657e+08	 4.06665e+08	 4.06665e+08	 
  0.0288	 5.59999e+07	 3.95819e+08	 3.95819e+08	 2.39444e+08	 3.95819e+08	 3.95819e+08	 
   0.029	 5.28537e+07	 3.85216e+08	 3.85216e+08	 2.30542e+08	 3.85216e+08	 3.85216e+08	 
  0.0292	 4.98778e+07	 3.74852e+08	 3.74852e+08	 2.21941e+08	 3.74852e+08	 3.74852e+08	 
  0.0294	 4.70636e+07	 3.64723e+08	 3.64723e+08	 2.13635e+08	 3.64723e+08	 3.64723e+08	 
  0.0296	 4.44027e+07	 3.54827e+08	 3.54827e+08	 2.05612e+08	 3.54827e+08	 3.54827e+08	 
  0.0298	 4.1887e+07	 3.4516e+08	 3.4516e+08	 1.97867e+08	 3.4516e+08	 3.4516e+08	 
    0.03	 3.95091e+07	 3.35718e+08	 3.35718e+08	 1.90389e+08	 3.35718e+08	 3.35718e+08	 
  0.0302	 3.72617e+07	 3.26497e+08	 3.26497e+08	 1.83172e+08	 3.26497e+08	 3.26497e+08	 
  0.0304	 3.5138e+07	 3.17495e+08	 3.17495e+08	 1.76207e+08	 3.17495e+08	 3.17495e+08	 
  0.0306	 3.31314e+07	 3.08707e+08	 3.08707e+08	 1.69487e+08	 3.08707e+08	 3.08707e+08	 
  0.0308	 3.12359e+07	 3.0013e+08	 3.0013e+08	 1.63004e+08	 3.0013e+08	 3.0013e+08	 
   0.031	 2.94455e+07	 2.9176e+08	 2.9176e+08	 1.56751e+08	 2.9176e+08	 2.9176e+08	 
  0.0312	 2.77546e+07	 2.83594e+08	 2.83594e+08	 1.5072e+08	 2.83594e+08	 2.83594e+08	 
  0.0314	 2.61578e+07	 2.75628e+08	 2.75628e+08	 1.44905e+08	 2.75628e+08	 2.75628e+08	 
  0.0316	 2.46503e+07	 2.67858e+08	 2.67858e+08	 1.39299e+08	 2.67858e+08	 2.67858e+08	 
  0.0318	 2.32271e+07	 2.60281e+08	 2.60281e+08	 1.33895e+08	 2.60281e+08	 2.60281e+08	 
   0.032	 2.18838e+07	 2.52894e+08	 2.52894e+08	 1.28687e+08	 2.52894e+08	 2.52894e+08	 
  0.0322	 2.0616e+07	 2.45691e+08	 2.45691e+08	 1.23668e+08	 2.45691e+08	 2.45691e+08	 
  0.0324	 1.94196e+07	 2.38671e+08	 2.38671e+08	 1.18832e+08	 2.38671e+08	 2.38671e+08	 
  0.0326	 1.82908e+07	 2.31828e+08	 2.31828e+08	 1.14173e+08	 2.31828e+08	 2.31828e+08	 
  0.0328	 1.72259e+07	 2.25161e+08	 2.25161e+08	 1.09686e+08	 2.25161e+08	 2.25161e+08	 
   0.033	 1.62213e+07	 2.18665e+08	 2.18665e+08	 1.05364e+08	 2.18665e+08	 2.18665e+08	 
  0.0332	 1.52738e+07	 2.12336e+08	 2.12336e+08	 1.01203e+08	 2.12336e+08	 2.12336e+08	 
  0.0334	 1.43802e+07	 2.06172e+08	 2.06172e+08	 9.71957e+07	 2.06172e+08	 2.06172e+08	 
  0.0336	 1.35376e+07	 2.00169e+08	 2.00169e+08	 9.33381e+07	 2.00169e+08	 2.00169e+08	 
  0.0338	 1.27432e+07	 1.94323e+08	 1.94323e+08	 8.9625e+07	 1.94323e+08	 1.94323e+08	 
   0.034	 1.19943e+07	 1.88631e+08	 1.88631e+08	 8.60512e+07	 1.88631e+08	 1.88631e+08	 
  0.0342	 1.12883e+07	 1.8309e+08	 1.8309e+08	 8.26121e+07	 1.8309e+08	 1.8309e+08	 
  0.0344	 1.06229e+07	 1.77697e+08	 1.77697e+08	 7.93031e+07	 1.77697e+08	 1.77697e+08	 
  0.0346	 9.99579e+06	 1.72447e+08	 1.72447e+08	 7.61195e+07	 1.72447e+08	 1.72447e+08	 
  0.0348	 9.40488e+06	 1.67339e+08	 1.67339e+08	 7.3057e+07	 1.67339e+08	 1.67339e+08	 
   0.035	 8.8481e+06	 1.62368e+08	 1.62368e+08	 7.01113e+07	 1.62368e+08	 1.62368e+08	 
  0.0352	 8.32356e+06	 1.57532e+08	 1.57532e+08	 6.72784e+07	 1.57532e+08	 1.57532e+08	 
  0.0354	 7.82944e+06	 1.52828e+08	 1.52828e+08	 6.45542e+07	 1.52828e+08	 1.52828e+08	 
  0.0356	 7.36401e+06	 1.48252e+08	 1.48252e+08	 6.19349e+07	 1.48252e+08	 1.48252e+08	 
  0.0358	 6.92566e+06	 1.43802e+08	 1.43802e+08	 5.94167e+07	 1.43802e+08	 1.43802e+08	 
   0.036	 6.51286e+06	 1.39474e+08	 1.39474e+08	 5.6996e+07	 1.39474e+08	 1.39474e+08	 
  0.0362	 6.12416e+06	 1.35266e+08	 1.35266e+08	 5.46694e+07	 1.35266e+08	 1.35266e+08	 
  0.0364	 5.75818e+06	 1.31175e+08	 1.31175e+08	 5.24332e+07	 1.31175e+08	 1.31175e+08	 
  0.0366	 5.41363e+06	 1.27198e+08	 1.27198e+08	 5.02844e+07	 1.27198e+08	 1.27198e+08	 
  0.0368	 5.08929e+06	 1.23332e+08	 1.23332e+08	 4.82197e+07	 1.23332e+08	 1.23332e+08	 
   0.037	 4.784e+06	 1.19575e+08	 1.19575e+08	 4.6236e+07	 1.19575e+08	 1.19575e+08	 
  0.0372	 4.49667e+06	 1.15923e+08	 1.15923e+08	 4.43304e+07	 1.15923e+08	 1.15923e+08	 
  0.0374	 4.22627e+06	 1.12376e+08	 1.12376e+08	 4.24999e+07	 1.12376e+08	 1.12376e+08	 
  0.0376	 3.97182e+06	 1.08928e+08	 1.08928e+08	 4.07418e+07	 1.08928e+08	 1.08928e+08	 
  0.0378	 3.73241e+06	 1.05579e+08	 1.05579e+08	 3.90535e+07	 1.05579e+08	 1.05579e+08	 
   0.038	 3.50717e+06	 1.02326e+08	 1.02326e+08	 3.74321e+07	 1.02326e+08	 1.02326e+08	 
  0.0382	 3.29527e+06	 9.9166e+07	 9.9166e+07	 3.58754e+07	 9.9166e+07	 9.9166e+07	 
  0.0384	 3.09594e+06	 9.60969e+07	 9.60969e+07	 3.43808e+07	 9.60969e+07	 9.60969e+07	 
  0.0386	 2.90847e+06	 9.31165e+07	 9.31165e+07	 3.29461e+07	 9.31165e+07	 9.31165e+07	 
  0.0388	 2.73214e+06	 9.02224e+07	 9.02224e+07	 3.15689e+07	 9.02224e+07	 9.02224e+07	 
   0.039	 2.56632e+06	 8.74124e+07	 8.74124e+07	 3.0247e+07	 8.74124e+07	 8.74124e+07	 
  0.0392	 2.4104e+06	 8.46843e+07	 8.46843e+07	 2.89784e+07	 8.46843e+07	 8.46843e+07	 
  0.0394	 2.26379e+06	 8.20359e+07	 8.20359e+07	 2.7761e+07	 8.20359e+07	 8.20359e+07	 
  0.0396	 2.12595e+06	 7.94652e+07	 7.94652e+07	 2.65929e+07	 7.94652e+07	 7.94652e+07	 
  0.0398	 1.99637e+06	 7.69701e+07	 7.69701e+07	 2.54722e+07	 7.69701e+07	 7.69701e+07	 
    0.04	 1.87455e+06	 7.45487e+07	 7.45487e+07	 2.4397e+07	 7.45487e+07	 7.45487e+07	 
  0.0402	 1.76005e+06	 7.21988e+07	 7.21988e+07	 2.33655e+07	 7.21988e+07	 7.21988e+07	 
  0.0404	 1.65244e+06	 6.99186e+07	 6.99186e+07	 2.23762e+07	 6.99186e+07	 6.99186e+07	 
  0.0406	 1.5513e+06	 6.77063e+07	 6.77063e+07	 2.14273e+07	 6.77063e+07	 6.77063e+07	 
  0.0408	 1.45626e+06	 6.55599e+07	 6.55599e+07	 2.05173e+07	 6.55599e+07	 6.55599e+07	 
   0.041	 1.36695e+06	 6.34778e+07	 6.34778e+07	 1.96446e+07	 6.34778e+07	 6.34778e+07	 
  0.0412	 1.28304e+06	 6.14581e+07	 6.14581e+07	 1.88078e+07	 6.14581e+07	 6.14581e+07	 
  0.0414	 1.2042e+06	 5.94991e+07	 5.94991e+07	 1.80055e+07	 5.94991e+07	 5.94991e+07	 
  0.0416	 1.13013e+06	 5.75991e+07	 5.75991e+07	 1.72363e+07	 5.75991e+07	 5.75991e+07	 
  0.0418	 1.06056e+06	 5.57566e+07	 5.57566e+07	 1.64989e+07	 5.57566e+07	 5.57566e+07	 
   0.042	   995205	 5.39699e+07	 5.39699e+07	 1.57921e+07	 5.39699e+07	 5.39699e+07	 
  0.0422	   933822	 5.22375e+07	 5.22375e+07	 1.51146e+07	 5.22375e+07	 5.22375e+07	 
  0.0424	   876171	 5.05578e+07	 5.05578e+07	 1.44653e+07	 5.05578e+07	 5.05578e+07	 
  0.0426	   822031	 4.89294e+07	 4.89294e+07	 1.38431e+07	 4.89294e+07	 4.89294e+07	 
  0.0428	   771190	 4.73508e+07	 4.73508e+07	 1.32468e+07	 4.73508e+07	 4.73508e+07	 
   0.043	   723451	 4.58206e+07	 4.58206e+07	 1.26754e+07	 4.58206e+07	 4.58206e+07	 
  0.0432	   678628	 4.43374e+07	 4.43374e+07	 1.21279e+07	 4.43374e+07	 4.43374e+07	 
  0.0434	   636545	 4.28999e+07	 4.28999e+07	 1.16035e+07	 4.28999e+07	 4.28999e+07	 
  0.0436	   597038	 4.15069e+07	 4.15069e+07	 1.1101e+07	 4.15069e+07	 4.15069e+07	 
  0.0438	   559951	 4.01569e+07	 4.01569e+07	 1.06197e+07	 4.01569e+07	 4.01569e+07	 
   0.044	   525138	 3.88487e+07	 3.88487e+07	 1.01587e+07	 3.88487e+07	 3.88487e+07	 
  0.0442	   492462	 3.75813e+07	 3.75813e+07	 9.71711e+06	 3.75813e+07	 3.75813e+07	 
  0.0444	   461794	 3.63533e+07	 3.63533e+07	 9.29422e+06	 3.63533e+07	 3.63533e+07	 
  0.0446	   433012	 3.51636e+07	 3.51636e+07	 8.88924e+06	 3.51636e+07	 3.51636e+07	 
  0.0448	   406002	 3.40111e+07	 3.40111e+07	 8.50143e+06	 3.40111e+07	 3.40111e+07	 
   0.045	   380657	 3.28948e+07	 3.28948e+07	 8.1301e+06	 3.28948e+07	 3.28948e+07	 
  0.0452	   356875	 3.18135e+07	 3.18135e+07	 7.77457e+06	 3.18135e+07	 3.18135e+07	 
  0.0454	   334560	 3.07662e+07	 3.07662e+07	 7.43418e+06	 3.07662e+07	 3.07662e+07	 
  0.0456	   313625	 2.9752e+07	 2.9752e+07	 7.10832e+06	 2.9752e+07	 2.9752e+07	 
  0.0458	   293985	 2.87698e+07	 2.87698e+07	 6.79638e+06	 2.87698e+07	 2.87698e+07	 
   0.046	   275560	 2.78187e+07	 2.78187e+07	 6.4978e+06	 2.78187e+07	 2.78187e+07	 
  0.0462	   258277	 2.68977e+07	 2.68977e+07	 6.212e+06	 2.68977e+07	 2.68977e+07	 
  0.0464	   242066	 2.6006e+07	 2.6006e+07	 5.93847e+06	 2.6006e+07	 2.6006e+07	 
  0.0466	   226861	 2.51427e+07	 2.51427e+07	 5.6767e+06	 2.51427e+07	 2.51427e+07	 
  0.0468	   212600	 2.43069e+07	 2.43069e+07	 5.42619e+06	 2.43069e+07	 2.43069e+07	 
   0.047	   199226	 2.34978e+07	 2.34978e+07	 5.18647e+06	 2.34978e+07	 2.34978e+07	 
  0.0472	   186684	 2.27146e+07	 2.27146e+07	 4.9571e+06	 2.27146e+07	 2.27146e+07	 
  0.0474	   174924	 2.19566e+07	 2.19566e+07	 4.73764e+06	 2.19566e+07	 2.19566e+07	 
  0.0476	   163896	 2.12228e+07	 2.12228e+07	 4.52767e+06	 2.12228e+07	 2.12228e+07	 
  0.0478	   153557	 2.05127e+07	 2.05127e+07	 4.3268e+06	 2.05127e+07	 2.05127e+07	 
   0.048	   143862	 1.98255e+07	 1.98255e+07	 4.13464e+06	 1.98255e+07	 1.98255e+07	 
  0.0482	   134774	 1.91604e+07	 1.91604e+07	 3.95083e+06	 1.91604e+07	 1.91604e+07	 
  0.0484	   126254	 1.85168e+07	 1.85168e+07	 3.77501e+06	 1.85168e+07	 1.85168e+07	 
  0.0486	   118267	 1.78941e+07	 1.78941e+07	 3.60685e+06	 1.78941e+07	 1.78941e+07	 
  0.0488	   110780	 1.72916e+07	 1.72916e+07	 3.44601e+06	 1.72916e+07	 1.72916e+07	 
   0.049	   103762	 1.67087e+07	 1.67087e+07	 3.2922e+06	 1.67087e+07	 1.67087e+07	 
  0.0492	  97185.1	 1.61448e+07	 1.61448e+07	 3.14511e+06	 1.61448e+07	 1.61448e+07	 
  0.0494	  91020.7	 1.55992e+07	 1.55992e+07	 3.00445e+06	 1.55992e+07	 1.55992e+07	 
  0.0496	  85243.5	 1.50714e+07	 1.50714e+07	 2.86995e+06	 1.50714e+07	 1.50714e+07	 
  0.0498	  79829.5	 1.45609e+07	 1.45609e+07	 2.74136e+06	 1.45609e+07	 1.45609e+07	 
    0.05	  74756.1	 1.40672e+07	 1.40672e+07	 2.61841e+06	 1.40672e+07	 1.40672e+07	 
  0.0502	  70002.1	 1.35896e+07	 1.35896e+07	 2.50086e+06	 1.35896e+07	 1.35896e+07	 
  0.0504	  65547.6	 1.31277e+07	 1.31277e+07	 2.38849e+06	 1.31277e+07	 1.31277e+07	 
  0.0506	    61374	 1.2681e+07	 1.2681e+07	 2.28106e+06	 1.2681e+07	 1.2681e+07	 
  0.0508	  57463.7	 1.2249e+07	 1.2249e+07	 2.17838e+06	 1.2249e+07	 1.2249e+07	 
   0.051	  53800.3	 1.18313e+07	 1.18313e+07	 2.08023e+06	 1.18313e+07	 1.18313e+07	 
  0.0512	  50368.4	 1.14273e+07	 1.14273e+07	 1.98641e+06	 1.14273e+07	 1.14273e+07	 
  0.0514	  47153.4	 1.10368e+07	 1.10368e+07	 1.89675e+06	 1.10368e+07	 1.10368e+07	 
  0.0516	  44141.9	 1.06592e+07	 1.06592e+07	 1.81106e+06	 1.06592e+07	 1.06592e+07	 
  0.0518	    41321	 1.02941e+07	 1.02941e+07	 1.72917e+06	 1.02941e+07	 1.02941e+07	 
   0.052	  38678.9	 9.94112e+06	 9.94112e+06	 1.65092e+06	 9.94112e+06	 9.94112e+06	 
  0.0522	  36204.2	 9.59991e+06	 9.59991e+06	 1.57614e+06	 9.59991e+06	 9.59991e+06	 
  0.0524	  33886.5	 9.27006e+06	 9.27006e+06	 1.50469e+06	 9.27006e+06	 9.27006e+06	 
  0.0526	    31716	 8.95122e+06	 8.95122e+06	 1.43642e+06	 8.95122e+06	 8.95122e+06	 
  0.0528	  29683.3	 8.64303e+06	 8.64303e+06	 1.3712e+06	 8.64303e+06	 8.64303e+06	 
   0.053	  27779.9	 8.34515e+06	 8.34515e+06	 1.30888e+06	 8.34515e+06	 8.34515e+06	 
  0.0532	  25997.5	 8.05725e+06	 8.05725e+06	 1.24935e+06	 8.05725e+06	 8.05725e+06	 
  0.0534	  24328.5	 7.779e+06	 7.779e+06	 1.19247e+06	 7.779e+06	 7.779e+06	 
  0.0536	  22765.8	 7.51009e+06	 7.51009e+06	 1.13815e+06	 7.51009e+06	 7.51009e+06	 
  0.0538	  21302.7	 7.25023e+06	 7.25023e+06	 1.08626e+06	 7.25023e+06	 7.25023e+06	 
   0.054	  19932.9	 6.99911e+06	 6.99911e+06	 1.03669e+06	 6.99911e+06	 6.99911e+06	 
  0.0542	  18650.5	 6.75646e+06	 6.75646e+06	   989347	 6.75646e+06	 6.75646e+06	 
  0.0544	  17449.9	 6.52199e+06	 6.52199e+06	   944132	 6.52199e+06	 6.52199e+06	 
  0.0546	    16326	 6.29545e+06	 6.29545e+06	   900950	 6.29545e+06	 6.29545e+06	 
  0.0548	    15274	 6.07657e+06	 6.07657e+06	   859711	 6.07657e+06	 6.07657e+06	 
   0.055	  14289.2	 5.8651e+06	 5.8651e+06	   820329	 5.8651e+06	 5.8651e+06	 
  0.0552	  13367.5	 5.66081e+06	 5.66081e+06	   782724	 5.66081e+06	 5.66081e+06	 
  0.0554	  12504.8	 5.46345e+06	 5.46345e+06	   746815	 5.46345e+06	 5.46345e+06	 
  0.0556	  11697.3	 5.27279e+06	 5.27279e+06	   712528	 5.27279e+06	 5.27279e+06	 
  0.0558	  10941.6	 5.08863e+06	 5.08863e+06	   679791	 5.08863e+06	 5.08863e+06	 
   0.056	  10234.4	 4.91074e+06	 4.91074e+06	   648535	 4.91074e+06	 4.91074e+06	 
  0.0562	  9572.54	 4.73891e+06	 4.73891e+06	   618695	 4.73891e+06	 4.73891e+06	 
  0.0564	  8953.19	 4.57295e+06	 4.57295e+06	   590207	 4.57295e+06	 4.57295e+06	 
  0.0566	  8373.63	 4.41266e+06	 4.41266e+06	   563012	 4.41266e+06	 4.41266e+06	 
  0.0568	  7831.32	 4.25786e+06	 4.25786e+06	   537051	 4.25786e+06	 4.25786e+06	 
   0.057	  7323.89	 4.10835e+06	 4.10835e+06	   512270	 4.10835e+06	 4.10835e+06	 
  0.0572	  6849.11	 3.96398e+06	 3.96398e+06	   488615	 3.96398e+06	 3.96398e+06	 
  0.0574	  6404.89	 3.82456e+06	 3.82456e+06	   466038	 3.82456e+06	 3.82456e+06	 
  0.0576	   5989.3	 3.68993e+06	 3.68993e+06	   444488	 3.68993e+06	 3.68993e+06	 
  0.0578	  5600.48	 3.55993e+06	 3.55993e+06	   423922	 3.55993e+06	 3.55993e+06	 
   0.058	  5236.74	 3.43441e+06	 3.43441e+06	   404293	 3.43441e+06	 3.43441e+06	 
  0.0582	  4896.47	 3.31321e+06	 3.31321e+06	   385561	 3.31321e+06	 3.31321e+06	 
  0.0584	  4578.16	 3.1962e+06	 3.1962e+06	   367684	 3.1962e+06	 3.1962e+06	 
  0.0586	  4280.41	 3.08323e+06	 3.08323e+06	   350626	 3.08323e+06	 3.08323e+06	 
  0.0588	   4001.9	 2.97416e+06	 2.97416e+06	   334348	 2.97416e+06	 2.97416e+06	 
   0.059	   3741.4	 2.86887e+06	 2.86887e+06	   318815	 2.86887e+06	 2.86887e+06	 
  0.0592	  3497.74	 2.76722e+06	 2.76722e+06	   303995	 2.76722e+06	 2.76722e+06	 
  0.0594	  3269.85	 2.6691e+06	 2.6691e+06	   289854	 2.6691e+06	 2.6691e+06	 
  0.0596	  3056.72	 2.57439e+06	 2.57439e+06	   276363	 2.57439e+06	 2.57439e+06	 
  0.0598	  2857.39	 2.48296e+06	 2.48296e+06	   263491	 2.48296e+06	 2.48296e+06	 
    0.06	  2670.98	 2.39472e+06	 2.39472e+06	   251211	 2.39472e+06	 2.39472e+06	 
  0.0602	  2496.65	 2.30954e+06	 2.30954e+06	   239497	 2.30954e+06	 2.30954e+06	 
  0.0604	  2333.64	 2.22734e+06	 2.22734e+06	   228321	 2.22734e+06	 2.22734e+06	 
  0.0606	   2181.2	 2.148e+06	 2.148e+06	   217661	 2.148e+06	 2.148e+06	 
  0.0608	  2038.66	 2.07143e+06	 2.07143e+06	   207492	 2.07143e+06	 2.07143e+06	 
   0.061	  1905.38	 1.99753e+06	 1.99753e+06	   197792	 1.99753e+06	 1.99753e+06	 
  0.0612	  1780.76	 1.92622e+06	 1.92622e+06	   188540	 1.92622e+06	 1.92622e+06	 
  0.0614	  1664.25	 1.8574e+06	 1.8574e+06	   179715	 1.8574e+06	 1.8574e+06	 
  0.0616	  1555.31	 1.791e+06	 1.791e+06	   171299	 1.791e+06	 1.791e+06	 
  0.0618	  1453.46	 1.72692e+06	 1.72692e+06	   163272	 1.72692e+06	 1.72692e+06	 
   0.062	  1358.25	 1.66509e+06	 1.66509e+06	   155617	 1.66509e+06	 1.66509e+06	 
  0.0622	  1269.23	 1.60544e+06	 1.60544e+06	   148316	 1.60544e+06	 1.60544e+06	 
  0.0624	  1186.02	 1.54788e+06	 1.54788e+06	   141354	 1.54788e+06	 1.54788e+06	 
  0.0626	  1108.23	 1.49234e+06	 1.49234e+06	   134715	 1.49234e+06	 1.49234e+06	 
  0.0628	  1035.52	 1.43876e+06	 1.43876e+06	   128384	 1.43876e+06	 1.43876e+06	 
   0.063	  967.547	 1.38707e+06	 1.38707e+06	   122347	 1.38707e+06	 1.38707e+06	 
  0.0632	  904.014	 1.3372e+06	 1.3372e+06	   116591	 1.3372e+06	 1.3372e+06	 
  0.0634	  844.629	 1.28909e+06	 1.28909e+06	   111103	 1.28909e+06	 1.28909e+06	 
  0.0636	  789.125	 1.24269e+06	 1.24269e+06	   105870	 1.24269e+06	 1.24269e+06	 
  0.0638	  737.249	 1.19792e+06	 1.19792e+06	   100881	 1.19792e+06	 1.19792e+06	 
   0.064	  688.764	 1.15474e+06	 1.15474e+06	  96123.9	 1.15474e+06	 1.15474e+06	 
  0.0642	  643.451	 1.11308e+06	 1.11308e+06	  91589.1	 1.11308e+06	 1.11308e+06	 
  0.0644	  601.104	 1.0729e+06	 1.0729e+06	  87265.8	 1.0729e+06	 1.0729e+06	 
  0.0646	  561.529	 1.03415e+06	 1.03415e+06	  83144.5	 1.03415e+06	 1.03415e+06	 
  0.0648	  524.546	   996774	   996774	  79215.6	   996774	   996774	 
   0.065	  489.986	   960724	   960724	  75470.5	   960724	   960724	 
  0.0652	  457.691	   925957	   925957	  71900.6	   925957	   925957	 
  0.0654	  427.515	   892426	   892426	  68497.7	   892426	   892426	 
  0.0656	  399.317	   860090	   860090	  65254.2	   860090	   860090	 
  0.0658	   372.97	   828905	   828905	  62162.8	   828905	   828905	 
   0.066	  348.353	   798833	   798833	  59216.2	   798833	   798833	 
  0.0662	  325.353	   769834	   769834	    56408	   769834	   769834	 
  0.0664	  303.864	   741870	   741870	  53731.5	   741870	   741870	 
  0.0666	  283.787	   714906	   714906	  51180.8	   714906	   714906	 
  0.0668	   265.03	   688906	   688906	  48749.9	   688906	   688906	 
   0.067	  247.507	   663837	   663837	  46433.4	   663837	   663837	 
  0.0672	  231.137	   639666	   639666	  44225.8	   639666	   639666	 
  0.0674	  215.845	   616361	   616361	  42122.2	   616361	   616361	 
  0.0676	  201.559	   593892	   593892	  40117.7	   593892	   593892	 
  0.0678	  188.215	   572229	   572229	  38207.7	   572229	   572229	 
   0.068	   175.75	   551345	   551345	  36387.7	   551345	   551345	 
  0.0682	  164.107	   531211	   531211	  34653.6	   531211	   531211	 
  0.0684	  153.231	   511801	   511801	  33001.3	   511801	   511801	 
  0.0686	  143.073	   493090	   493090	  31427.1	   493090	   493090	 
  0.0688	  133.585	   475052	   475052	  29927.3	   475052	   475052	 
   0.069	  124.724	   457665	   457665	  28498.4	   457665	   457665	 
  0.0692	  116.448	   440905	   440905	  27137.1	   440905	   440905	 
  0.0694	  108.718	   424749	   424749	  25840.2	   424749	   424749	 
  0.0696	    101.5	   409177	   409177	  24604.7	   409177	   409177	 
  0.0698	  94.7581	   394168	   394168	  23427.8	   394168	   394168	 
    0.07	  88.4624	   379701	   379701	  22306.7	   379701	   379701	 
  0.0702	  82.5832	   365758	   365758	  21238.7	   365758	   365758	 
  0.0704	  77.0931	   352320	   352320	  20221.5	   352320	   352320	 
  0.0706	  71.9663	   339368	   339368	  19252.5	   339368	   339368	 
  0.0708	  67.1791	   326886	   326886	  18329.5	   326886	   326886	 
   0.071	  62.7089	   314857	   314857	  17450.5	   314857	   314857	 
  0.0712	   58.535	   303264	   303264	  16613.2	   303264	   303264	 
  0.0714	  54.6377	   292092	   292092	  15815.7	   292092	   292092	 
  0.0716	  50.9988	   281327	   281327	  15056.2	   281327	   281327	 
  0.0718	  47.6012	   270952	   270952	  14332.9	   270952	   270952	 
   0.072	  44.4291	   260956	   260956	    13644	   260956	   260956	 
  0.0722	  41.4675	   251323	   251323	    12988	   251323	   251323	 
  0.0724	  38.7026	   242041	   242041	  12363.2	   242041	   242041	 
  0.0726	  36.1212	   233097	   233097	  11768.3	   233097	   233097	 
  0.0728	  33.7113	   224480	   224480	  11201.7	   224480	   224480	 
   0.073	  31.4616	   216177	   216177	  10662.2	   216177	   216177	 
  0.0732	  29.3614	   208177	   208177	  10148.5	   208177	   208177	 
  0.0734	  27.4009	   200469	   200469	   9659.3	   200469	   200469	 
  0.0736	  25.5707	   193044	   193044	  9193.52	   193044	   193044	 
  0.0738	  23.8623	   185889	   185889	  8750.03	   185889	   185889	 
   0.074	  22.2676	   178997	   178997	  8327.76	   178997	   178997	 
  0.0742	  20.7791	   172357	   172357	   7925.7	   172357	   172357	 
  0.0744	  19.3897	   165960	   165960	  7542.91	   165960	   165960	 
  0.0746	  18.0929	   159798	   159798	  7178.47	   159798	   159798	 
  0.0748	  16.8824	   153862	   153862	  6831.49	   153862	   153862	 
   0.075	  15.7527	   148143	   148143	  6501.16	   148143	   148143	 
  0.0752	  14.6982	   142635	   142635	  6186.69	   142635	   142635	 
  0.0754	  13.7141	   137329	   137329	  5887.31	   137329	   137329	 
  0.0756	  12.7956	   132218	   132218	  5602.31	   132218	   132218	 
  0.0758	  11.9385	   127295	   127295	     5331	   127295	   127295	 
   0.076	  11.1385	   122553	   122553	  5072.73	   122553	   122553	 
  0.0762	  10.3919	   117986	   117986	  4826.89	   117986	   117986	 
  0.0764	  9.69523	   113587	   113587	  4592.87	   113587	   113587	 
  0.0766	  9.04507	   109350	   109350	  4370.12	   109350	   109350	 
  0.0768	  8.43836	   105269	   105269	  4158.09	   105269	   105269	 
   0.077	   7.8722	   101339	   101339	  3956.28	   101339	   101339	 
  0.0772	  7.34389	  97553.8	  97553.8	  3764.19	  97553.8	  97553.8	 
  0.0774	  6.85091	  93908.5	  93908.5	  3581.36	  93908.5	  93908.5	 
  0.0776	  6.39091	  90397.9	  90397.9	  3407.35	  90397.9	  90397.9	 
  0.0778	  5.96169	  87017.1	  87017.1	  3241.73	  87017.1	  87017.1	 
   0.078	   5.5612	  83761.3	  83761.3	  3084.11	  83761.3	  83761.3	 
  0.0782	  5.18752	    80626	    80626	   2934.1	    80626	    80626	 
  0.0784	  4.83886	  77606.8	  77606.8	  2791.34	  77606.8	  77606.8	 
  0.0786	  4.51356	  74699.4	  74699.4	  2655.47	  74699.4	  74699.4	 
  0.0788	  4.21006	  71899.8	  71899.8	  2526.17	  71899.8	  71899.8	 
   0.079	  3.92689	  69203.9	  69203.9	  2403.13	  69203.9	  69203.9	 
  0.0792	  3.66271	  66608.1	  66608.1	  2286.04	  66608.1	  66608.1	 
  0.0794	  3.41624	  64108.6	  64108.6	  2174.61	  64108.6	  64108.6	 
  0.0796	   3.1863	  61701.9	  61701.9	  2068.58	  61701.9	  61701.9	 
  0.0798	  2.97179	  59384.6	  59384.6	  1967.69	  59384.6	  59384.6	 
    0.08	  2.77167	  57153.5	  57153.5	  1871.69	  57153.5	  57153.5	 
  0.0802	  2.58499	  55005.3	  55005.3	  1780.34	  55005.3	  55005.3	 
  0.0804	  2.41084	    52937	    52937	  1693.41	    52937	    52937	 
  0.0806	  2.24838	  50945.7	  50945.7	  1610.71	  50945.7	  50945.7	 
  0.0808	  2.09684	  49028.5	  49028.5	  1532.02	  49028.5	  49028.5	 
   0.081	  1.95547	  47182.7	  47182.7	  1457.14	  47182.7	  47182.7	 
  0.0812	  1.82361	  45405.8	  45405.8	  1385.91	  45405.8	  45405.8	 
  0.0814	  1.70062	  43695.1	  43695.1	  1318.13	  43695.1	  43695.1	 
  0.0816	  1.58589	  42048.2	  42048.2	  1253.65	  42048.2	  42048.2	 
  0.0818	  1.47888	  40462.7	  40462.7	   1192.3	  40462.7	  40462.7	 
   0.082	  1.37906	  38936.5	  38936.5	  1133.94	  38936.5	  38936.5	 
  0.0822	  1.28597	  37467.3	  37467.3	  1078.42	  37467.3	  37467.3	 
  0.0824	  1.19914	  36052.9	  36052.9	  1025.59	  36052.9	  36052.9	 
  0.0826	  1.11815	  34691.5	  34691.5	  975.344	  34691.5	  34691.5	 
  0.0828	  1.04262	  33380.9	  33380.9	   927.54	  33380.9	  33380.9	 
   0.083	  0.97217	  32119.4	  32119.4	  882.065	  32119.4	  32119.4	 
  0.0832	  0.90647	  30905.1	  30905.1	  838.807	  30905.1	  30905.1	 
  0.0834	 0.845197	  29736.3	  29736.3	  797.657	  29736.3	  29736.3	 
  0.0836	 0.788053	  28611.3	  28611.3	  758.514	  28611.3	  28611.3	 
  0.0838	 0.734762	  27528.4	  27528.4	   721.28	  27528.4	  27528.4	 
   0.084	 0.685064	  26486.2	  26486.2	  685.864	  26486.2	  26486.2	 
  0.0842	 0.638717	    25483	    25483	  652.176	    25483	    25483	 
  0.0844	 0.595497	  24517.5	  24517.5	  620.134	  24517.5	  24517.5	 
  0.0846	 0.555193	  23588.2	  23588.2	  589.656	  23588.2	  23588.2	 
  0.0848	 0.517609	  22693.9	  22693.9	  560.668	  22693.9	  22693.9	 
   0.085	 0.482563	  21833.1	  21833.1	  533.097	  21833.1	  21833.1	 
  0.0852	 0.449882	  21004.7	  21004.7	  506.874	  21004.7	  21004.7	 
  0.0854	 0.419409	  20207.4	  20207.4	  481.933	  20207.4	  20207.4	 
  0.0856	 0.390993	  19440.2	  19440.2	  458.213	  19440.2	  19440.2	 
  0.0858	 0.364498	  18701.8	  18701.8	  435.654	  18701.8	  18701.8	 
   0.086	 0.339793	  17991.2	  17991.2	  414.199	  17991.2	  17991.2	 
  0.0862	 0.316758	  17307.4	  17307.4	  393.795	  17307.4	  17307.4	 
  0.0864	  0.29528	  16649.3	  16649.3	   374.39	  16649.3	  16649.3	 
  0.0866	 0.275255	  16016.1	  16016.1	  355.937	  16016.1	  16016.1	 
  0.0868	 0.256584	  15406.7	  15406.7	  338.388	  15406.7	  15406.7	 
   0.087	 0.239176	  14820.3	  14820.3	    321.7	  14820.3	  14820.3	 
  0.0872	 0.222946	    14256	    14256	   305.83	    14256	    14256	 
  0.0874	 0.207814	  13713.1	  13713.1	  290.739	  13713.1	  13713.1	 
  0.0876	 0.193707	  13190.6	  13190.6	  276.388	  13190.6	  13190.6	 
  0.0878	 0.180555	  12687.9	  12687.9	  262.742	  12687.9	  12687.9	 
   0.088	 0.168293	  12204.2	  12204.2	  249.767	  12204.2	  12204.2	 
  0.0882	 0.156862	  11738.8	  11738.8	  237.428	  11738.8	  11738.8	 
  0.0884	 0.146205	  11290.9	  11290.9	  225.697	  11290.9	  11290.9	 
  0.0886	 0.136271	  10860.1	  10860.1	  214.541	  10860.1	  10860.1	 
  0.0888	 0.127009	  10445.5	  10445.5	  203.935	  10445.5	  10445.5	 
   0.089	 0.118376	  10046.6	  10046.6	  193.849	  10046.6	  10046.6	 
  0.0892	 0.110328	  9662.84	  9662.84	  184.261	  9662.84	  9662.84	 
  0.0894	 0.102826	  9293.61	  9293.61	  175.144	  9293.61	  9293.61	 
  0.0896	 0.0958321	  8938.38	  8938.38	  166.475	  8938.38	  8938.38	 
  0.0898	 0.089313	  8596.62	  8596.62	  158.234	  8596.62	  8596.62	 
    0.09	 0.0832364	  8267.83	  8267.83	  150.399	  8267.83	  8267.83	 
  0.0902	 0.0775721	  7951.51	  7951.51	  142.949	  7951.51	  7951.51	 
  0.0904	 0.0722924	   7647.2	   7647.2	  135.867	   7647.2	   7647.2	 
  0.0906	 0.0673711	  7354.44	  7354.44	  129.134	  7354.44	  7354.44	 
  0.0908	 0.062784	   7072.8	   7072.8	  122.733	   7072.8	   7072.8	 
   0.091	 0.0585085	  6801.87	  6801.87	  116.648	  6801.87	  6801.87	 
  0.0912	 0.0545234	  6541.23	  6541.23	  110.863	  6541.23	  6541.23	 
  0.0914	 0.0508091	  6290.51	  6290.51	  105.363	  6290.51	  6290.51	 
  0.0916	 0.0473472	  6049.32	  6049.32	  100.135	  6049.32	  6049.32	 
  0.0918	 0.0441206	  5817.31	  5817.31	  95.1651	  5817.31	  5817.31	 
   0.092	 0.0411134	  5594.13	  5594.13	  90.4407	  5594.13	  5594.13	 
  0.0922	 0.0383106	  5379.45	  5379.45	  85.9497	  5379.45	  5379.45	 
  0.0924	 0.0356985	  5172.95	  5172.95	  81.6807	  5172.95	  5172.95	 
  0.0926	 0.033264	  4974.32	  4974.32	  77.6227	  4974.32	  4974.32	 
  0.0928	 0.0309952	  4783.25	  4783.25	  73.7654	  4783.25	  4783.25	 
   0.093	 0.0288808	  4599.47	  4599.47	  70.0989	  4599.47	  4599.47	 
  0.0932	 0.0269103	   4422.7	   4422.7	  66.6137	   4422.7	   4422.7	 
  0.0934	 0.0250739	  4252.68	  4252.68	  63.3011	  4252.68	  4252.68	 
  0.0936	 0.0233625	  4089.14	  4089.14	  60.1524	  4089.14	  4089.14	 
  0.0938	 0.0217677	  3931.85	  3931.85	  57.1596	  3931.85	  3931.85	 
   0.094	 0.0202815	  3780.56	  3780.56	   54.315	  3780.56	  3780.56	 
  0.0942	 0.0188965	  3635.06	  3635.06	  51.6114	  3635.06	  3635.06	 
  0.0944	 0.0176059	  3495.11	  3495.11	  49.0417	  3495.11	  3495.11	 
  0.0946	 0.0164033	  3360.52	  3360.52	  46.5994	  3360.52	  3360.52	 
  0.0948	 0.0152826	  3231.07	  3231.07	  44.2782	  3231.07	  3231.07	 
   0.095	 0.0142383	  3106.57	  3106.57	  42.0721	  3106.57	  3106.57	 
  0.0952	 0.0132652	  2986.84	  2986.84	  39.9754	  2986.84	  2986.84	 
  0.0954	 0.0123585	  2871.68	  2871.68	  37.9828	  2871.68	  2871.68	 
  0.0956	 0.0115136	  2760.94	  2760.94	   36.089	  2760.94	  2760.94	 
  0.0958	 0.0107264	  2654.44	  2654.44	  34.2893	  2654.44	  2654.44	 
   0.096	 0.00999282	  2552.02	  2552.02	  32.5789	  2552.02	  2552.02	 
  0.0962	 0.00930933	  2453.52	  2453.52	  30.9534	  2453.52	  2453.52	 
  0.0964	 0.00867249	   2358.8	   2358.8	  29.4087	   2358.8	   2358.8	 
  0.0966	 0.00807913	  2267.72	  2267.72	  27.9408	  2267.72	  2267.72	 
  0.0968	 0.00752627	  2180.12	  2180.12	  26.5458	  2180.12	  2180.12	 
   0.097	 0.00701117	  2095.89	  2095.89	  25.2202	  2095.89	  2095.89	 
  0.0972	 0.00653124	  2014.89	  2014.89	  23.9605	  2014.89	  2014.89	 
  0.0974	 0.0060841	     1937	     1937	  22.7634	     1937	     1937	 
  0.0976	 0.0056675	   1862.1	   1862.1	  21.6259	   1862.1	   1862.1	 
  0.0978	 0.00527937	  1790.08	  1790.08	   20.545	  1790.08	  1790.08	 
   0.098	 0.00491777	  1720.82	  1720.82	  19.5179	  1720.82	  1720.82	 
  0.0982	 0.00458088	  1654.23	  1654.23	   18.542	  1654.23	  1654.23	 
  0.0984	 0.00426702	   1590.2	   1590.2	  17.6146	   1590.2	   1590.2	 
  0.0986	 0.00397463	  1528.63	  1528.63	  16.7335	  1528.63	  1528.63	 
  0.0988	 0.00370223	  1469.43	  1469.43	  15.8962	  1469.43	  1469.43	 
   0.099	 0.00344845	   1412.5	   1412.5	  15.1006	   1412.5	   1412.5	 
  0.0992	 0.00321204	  1357.77	  1357.77	  14.3448	  1357.77	  1357.77	 
  0.0994	 0.00299181	  1305.15	  1305.15	  13.6265	  1305.15	  1305.15	 
  0.0996	 0.00278664	  1254.55	  1254.55	  12.9442	  1254.55	  1254.55	 
  0.0998	 0.00259551	   1205.9	   1205.9	  12.2958	   1205.9	   1205.9	 
     0.1	 0.00241747	  1159.13	  1159.13	  11.6798	  1159.13	  1159.13	 
