       0	        0	        0	        0	        0	        0	        0	 
  0.0002	 8.33407e+06	   920589	   920589	 2.95777e+06	   920589	   920589	 
  0.0004	 4.37957e+07	 4.97913e+06	 4.97913e+06	 1.57836e+07	 4.97913e+06	 4.97913e+06	 
  0.0006	 1.12114e+08	 1.31188e+07	 1.31188e+07	 4.10299e+07	 1.31188e+07	 1.31188e+07	 
  0.0008	 2.13799e+08	 2.57486e+07	 2.57486e+07	 7.94535e+07	 2.57486e+07	 2.57486e+07	 
   0.001	 3.4696e+08	 4.30071e+07	 4.30071e+07	 1.30935e+08	 4.30071e+07	 4.30071e+07	 
  0.0012	 5.08431e+08	 6.48644e+07	 6.48644e+07	 1.94838e+08	 6.48644e+07	 6.48644e+07	 
  0.0014	 6.94382e+08	 9.11771e+07	 9.11771e+07	 2.70213e+08	 9.11771e+07	 9.11771e+07	 
  0.0016	 9.00695e+08	 1.21724e+08	 1.21724e+08	 3.5592e+08	 1.21724e+08	 1.21724e+08	 
  0.0018	 1.1232e+09	 1.56233e+08	 1.56233e+08	 4.50713e+08	 1.56233e+08	 1.56233e+08	 
   0.002	 1.35785e+09	 1.94392e+08	 1.94392e+08	 5.53299e+08	 1.94392e+08	 1.94392e+08	 
  0.0022	 1.60078e+09	 2.3587e+08	 2.3587e+08	 6.62381e+08	 2.3587e+08	 2.3587e+08	 
  0.0024	 1.84843e+09	 2.80321e+08	 2.80321e+08	 7.76686e+08	 2.80321e+08	 2.80321e+08	 
  0.0026	 2.09753e+09	 3.27396e+08	 3.27396e+08	 8.94988e+08	 3.27396e+08	 3.27396e+08	 
  0.0028	 2.34514e+09	 3.76745e+08	 3.76745e+08	 1.01612e+09	 3.76745e+08	 3.76745e+08	 
   0.003	 2.58867e+09	 4.28024e+08	 4.28024e+08	 1.13899e+09	 4.28024e+08	 4.28024e+08	 
  0.0032	 2.82584e+09	 4.80897e+08	 4.80897e+08	 1.26257e+09	 4.80897e+08	 4.80897e+08	 
  0.0034	 3.05471e+09	 5.35041e+08	 5.35041e+08	 1.38594e+09	 5.35041e+08	 5.35041e+08	 
  0.0036	 3.27362e+09	 5.90145e+08	 5.90145e+08	 1.50824e+09	 5.90145e+08	 5.90145e+08	 
  0.0038	 3.48121e+09	 6.45912e+08	 6.45912e+08	 1.62869e+09	 6.45912e+08	 6.45912e+08	 
   0.004	 3.67638e+09	 7.02065e+08	 7.02065e+08	 1.74661e+09	 7.02065e+08	 7.02065e+08	 
  0.0042	 3.85827e+09	 7.58338e+08	 7.58338e+08	 1.86138e+09	 7.58338e+08	 7.58338e+08	 
  0.0044	 4.02625e+09	 8.14486e+08	 8.14486e+08	 1.97247e+09	 8.14486e+08	 8.14486e+08	 
  0.0046	 4.17987e+09	 8.7028e+08	 8.7028e+08	 2.07941e+09	 8.7028e+08	 8.7028e+08	 
  0.0048	 4.31887e+09	 9.25507e+08	 9.25507e+08	 2.1818e+09	 9.25507e+08	 9.25507e+08	 
   0.005	 4.44316e+09	 9.79973e+08	 9.79973e+08	 2.27931e+09	 9.79973e+08	 9.79973e+08	 
  0.0052	 4.55276e+09	 1.0335e+09	 1.0335e+09	 2.37166e+09	 1.0335e+09	 1.0335e+09	 
  0.0054	 4.64783e+09	 1.08592e+09	 1.08592e+09	 2.45864e+09	 1.08592e+09	 1.08592e+09	 
  0.0056	 4.72863e+09	 1.13709e+09	 1.13709e+09	 2.54007e+09	 1.13709e+09	 1.13709e+09	 
  0.0058	 4.7955e+09	 1.18689e+09	 1.18689e+09	 2.61585e+09	 1.18689e+09	 1.18689e+09	 
   0.006	 4.84888e+09	 1.23518e+09	 1.23518e+09	 2.68588e+09	 1.23518e+09	 1.23518e+09	 
  0.0062	 4.88925e+09	 1.28187e+09	 1.28187e+09	 2.75013e+09	 1.28187e+09	 1.28187e+09	 
  0.0064	 4.91714e+09	 1.32686e+09	 1.32686e+09	 2.8086e+09	 1.32686e+09	 1.32686e+09	 
  0.0066	 4.93312e+09	 1.37009e+09	 1.37009e+09	 2.86132e+09	 1.37009e+09	 1.37009e+09	 
  0.0068	 4.9378e+09	 1.41148e+09	 1.41148e+09	 2.90834e+09	 1.41148e+09	 1.41148e+09	 
   0.007	 4.9318e+09	 1.45097e+09	 1.45097e+09	 2.94974e+09	 1.45097e+09	 1.45097e+09	 
  0.0072	 4.91576e+09	 1.48853e+09	 1.48853e+09	 2.98563e+09	 1.48853e+09	 1.48853e+09	 
  0.0074	 4.89033e+09	 1.52411e+09	 1.52411e+09	 3.01613e+09	 1.52411e+09	 1.52411e+09	 
  0.0076	 4.85615e+09	 1.5577e+09	 1.5577e+09	 3.04139e+09	 1.5577e+09	 1.5577e+09	 
  0.0078	 4.81387e+09	 1.58928e+09	 1.58928e+09	 3.06154e+09	 1.58928e+09	 1.58928e+09	 
   0.008	 4.76411e+09	 1.61883e+09	 1.61883e+09	 3.07677e+09	 1.61883e+09	 1.61883e+09	 
  0.0082	 4.70751e+09	 1.64635e+09	 1.64635e+09	 3.08724e+09	 1.64635e+09	 1.64635e+09	 
  0.0084	 4.64466e+09	 1.67186e+09	 1.67186e+09	 3.09315e+09	 1.67186e+09	 1.67186e+09	 
  0.0086	 4.57616e+09	 1.69535e+09	 1.69535e+09	 3.09467e+09	 1.69535e+09	 1.69535e+09	 
  0.0088	 4.50258e+09	 1.71685e+09	 1.71685e+09	 3.09201e+09	 1.71685e+09	 1.71685e+09	 
   0.009	 4.42446e+09	 1.73638e+09	 1.73638e+09	 3.08537e+09	 1.73638e+09	 1.73638e+09	 
  0.0092	 4.34233e+09	 1.75396e+09	 1.75396e+09	 3.07494e+09	 1.75396e+09	 1.75396e+09	 
  0.0094	 4.25669e+09	 1.76963e+09	 1.76963e+09	 3.06092e+09	 1.76963e+09	 1.76963e+09	 
  0.0096	 4.16802e+09	 1.78342e+09	 1.78342e+09	 3.04353e+09	 1.78342e+09	 1.78342e+09	 
  0.0098	 4.07677e+09	 1.79536e+09	 1.79536e+09	 3.02295e+09	 1.79536e+09	 1.79536e+09	 
    0.01	 3.98337e+09	 1.80551e+09	 1.80551e+09	 2.99938e+09	 1.80551e+09	 1.80551e+09	 
  0.0102	 3.88822e+09	 1.8139e+09	 1.8139e+09	 2.97302e+09	 1.8139e+09	 1.8139e+09	 
  0.0104	 3.79169e+09	 1.82057e+09	 1.82057e+09	 2.94406e+09	 1.82057e+09	 1.82057e+09	 
  0.0106	 3.69414e+09	 1.82558e+09	 1.82558e+09	 2.91269e+09	 1.82558e+09	 1.82558e+09	 
  0.0108	 3.5959e+09	 1.82898e+09	 1.82898e+09	 2.87909e+09	 1.82898e+09	 1.82898e+09	 
   0.011	 3.49727e+09	 1.83081e+09	 1.83081e+09	 2.84344e+09	 1.83081e+09	 1.83081e+09	 
  0.0112	 3.39854e+09	 1.83113e+09	 1.83113e+09	 2.80591e+09	 1.83113e+09	 1.83113e+09	 
  0.0114	 3.29996e+09	 1.82999e+09	 1.82999e+09	 2.76667e+09	 1.82999e+09	 1.82999e+09	 
  0.0116	 3.20177e+09	 1.82744e+09	 1.82744e+09	 2.72587e+09	 1.82744e+09	 1.82744e+09	 
  0.0118	 3.1042e+09	 1.82355e+09	 1.82355e+09	 2.68369e+09	 1.82355e+09	 1.82355e+09	 
   0.012	 3.00744e+09	 1.81835e+09	 1.81835e+09	 2.64026e+09	 1.81835e+09	 1.81835e+09	 
  0.0122	 2.91168e+09	 1.81191e+09	 1.81191e+09	 2.59572e+09	 1.81191e+09	 1.81191e+09	 
  0.0124	 2.81707e+09	 1.80428e+09	 1.80428e+09	 2.55023e+09	 1.80428e+09	 1.80428e+09	 
  0.0126	 2.72376e+09	 1.79551e+09	 1.79551e+09	 2.5039e+09	 1.79551e+09	 1.79551e+09	 
  0.0128	 2.63188e+09	 1.78566e+09	 1.78566e+09	 2.45687e+09	 1.78566e+09	 1.78566e+09	 
   0.013	 2.54155e+09	 1.77478e+09	 1.77478e+09	 2.40925e+09	 1.77478e+09	 1.77478e+09	 
  0.0132	 2.45287e+09	 1.76292e+09	 1.76292e+09	 2.36116e+09	 1.76292e+09	 1.76292e+09	 
  0.0134	 2.36593e+09	 1.75014e+09	 1.75014e+09	 2.31269e+09	 1.75014e+09	 1.75014e+09	 
  0.0136	 2.2808e+09	 1.73648e+09	 1.73648e+09	 2.26396e+09	 1.73648e+09	 1.73648e+09	 
  0.0138	 2.19754e+09	 1.722e+09	 1.722e+09	 2.21506e+09	 1.722e+09	 1.722e+09	 
   0.014	 2.11621e+09	 1.70674e+09	 1.70674e+09	 2.16608e+09	 1.70674e+09	 1.70674e+09	 
  0.0142	 2.03685e+09	 1.69076e+09	 1.69076e+09	 2.1171e+09	 1.69076e+09	 1.69076e+09	 
  0.0144	 1.95949e+09	 1.67409e+09	 1.67409e+09	 2.0682e+09	 1.67409e+09	 1.67409e+09	 
  0.0146	 1.88416e+09	 1.65679e+09	 1.65679e+09	 2.01946e+09	 1.65679e+09	 1.65679e+09	 
  0.0148	 1.81088e+09	 1.6389e+09	 1.6389e+09	 1.97094e+09	 1.6389e+09	 1.6389e+09	 
   0.015	 1.73965e+09	 1.62046e+09	 1.62046e+09	 1.92271e+09	 1.62046e+09	 1.62046e+09	 
  0.0152	 1.67049e+09	 1.60152e+09	 1.60152e+09	 1.87482e+09	 1.60152e+09	 1.60152e+09	 
  0.0154	 1.60337e+09	 1.58211e+09	 1.58211e+09	 1.82734e+09	 1.58211e+09	 1.58211e+09	 
  0.0156	 1.53831e+09	 1.56228e+09	 1.56228e+09	 1.78031e+09	 1.56228e+09	 1.56228e+09	 
  0.0158	 1.47528e+09	 1.54207e+09	 1.54207e+09	 1.73377e+09	 1.54207e+09	 1.54207e+09	 
   0.016	 1.41427e+09	 1.5215e+09	 1.5215e+09	 1.68778e+09	 1.5215e+09	 1.5215e+09	 
  0.0162	 1.35525e+09	 1.50063e+09	 1.50063e+09	 1.64237e+09	 1.50063e+09	 1.50063e+09	 
  0.0164	 1.29819e+09	 1.47947e+09	 1.47947e+09	 1.59756e+09	 1.47947e+09	 1.47947e+09	 
  0.0166	 1.24308e+09	 1.45808e+09	 1.45808e+09	 1.55341e+09	 1.45808e+09	 1.45808e+09	 
  0.0168	 1.18988e+09	 1.43647e+09	 1.43647e+09	 1.50992e+09	 1.43647e+09	 1.43647e+09	 
   0.017	 1.13855e+09	 1.41468e+09	 1.41468e+09	 1.46713e+09	 1.41468e+09	 1.41468e+09	 
  0.0172	 1.08905e+09	 1.39273e+09	 1.39273e+09	 1.42506e+09	 1.39273e+09	 1.39273e+09	 
  0.0174	 1.04136e+09	 1.37067e+09	 1.37067e+09	 1.38373e+09	 1.37067e+09	 1.37067e+09	 
  0.0176	 9.95423e+08	 1.34851e+09	 1.34851e+09	 1.34316e+09	 1.34851e+09	 1.34851e+09	 
  0.0178	 9.51208e+08	 1.32628e+09	 1.32628e+09	 1.30335e+09	 1.32628e+09	 1.32628e+09	 
   0.018	 9.0867e+08	 1.304e+09	 1.304e+09	 1.26433e+09	 1.304e+09	 1.304e+09	 
  0.0182	 8.67766e+08	 1.2817e+09	 1.2817e+09	 1.22609e+09	 1.2817e+09	 1.2817e+09	 
  0.0184	 8.28453e+08	 1.25941e+09	 1.25941e+09	 1.18865e+09	 1.25941e+09	 1.25941e+09	 
  0.0186	 7.90688e+08	 1.23713e+09	 1.23713e+09	 1.15202e+09	 1.23713e+09	 1.23713e+09	 
  0.0188	 7.54426e+08	 1.2149e+09	 1.2149e+09	 1.11619e+09	 1.2149e+09	 1.2149e+09	 
   0.019	 7.19624e+08	 1.19273e+09	 1.19273e+09	 1.08117e+09	 1.19273e+09	 1.19273e+09	 
  0.0192	 6.86237e+08	 1.17064e+09	 1.17064e+09	 1.04695e+09	 1.17064e+09	 1.17064e+09	 
  0.0194	 6.54221e+08	 1.14865e+09	 1.14865e+09	 1.01355e+09	 1.14865e+09	 1.14865e+09	 
  0.0196	 6.23534e+08	 1.12677e+09	 1.12677e+09	 9.8095e+08	 1.12677e+09	 1.12677e+09	 
  0.0198	 5.94131e+08	 1.10502e+09	 1.10502e+09	 9.49152e+08	 1.10502e+09	 1.10502e+09	 
    0.02	 5.6597e+08	 1.08342e+09	 1.08342e+09	 9.18151e+08	 1.08342e+09	 1.08342e+09	 
  0.0202	 5.39009e+08	 1.06197e+09	 1.06197e+09	 8.8794e+08	 1.06197e+09	 1.06197e+09	 
  0.0204	 5.13207e+08	 1.04069e+09	 1.04069e+09	 8.58513e+08	 1.04069e+09	 1.04069e+09	 
  0.0206	 4.88522e+08	 1.01959e+09	 1.01959e+09	 8.29862e+08	 1.01959e+09	 1.01959e+09	 
  0.0208	 4.64916e+08	 9.98687e+08	 9.98687e+08	 8.01977e+08	 9.98687e+08	 9.98687e+08	 
   0.021	 4.42347e+08	 9.77984e+08	 9.77984e+08	 7.74851e+08	 9.77984e+08	 9.77984e+08	 
  0.0212	 4.20779e+08	 9.57493e+08	 9.57493e+08	 7.48472e+08	 9.57493e+08	 9.57493e+08	 
  0.0214	 4.00173e+08	 9.37222e+08	 9.37222e+08	 7.22831e+08	 9.37222e+08	 9.37222e+08	 
  0.0216	 3.80494e+08	 9.17181e+08	 9.17181e+08	 6.97915e+08	 9.17181e+08	 9.17181e+08	 
  0.0218	 3.61704e+08	 8.97376e+08	 8.97376e+08	 6.73714e+08	 8.97376e+08	 8.97376e+08	 
   0.022	 3.43771e+08	 8.77813e+08	 8.77813e+08	 6.50216e+08	 8.77813e+08	 8.77813e+08	 
  0.0222	 3.26658e+08	 8.585e+08	 8.585e+08	 6.27407e+08	 8.585e+08	 8.585e+08	 
  0.0224	 3.10335e+08	 8.39441e+08	 8.39441e+08	 6.05275e+08	 8.39441e+08	 8.39441e+08	 
  0.0226	 2.94769e+08	 8.20642e+08	 8.20642e+08	 5.83808e+08	 8.20642e+08	 8.20642e+08	 
  0.0228	 2.79928e+08	 8.02107e+08	 8.02107e+08	 5.62992e+08	 8.02107e+08	 8.02107e+08	 
   0.023	 2.65784e+08	 7.8384e+08	 7.8384e+08	 5.42814e+08	 7.8384e+08	 7.8384e+08	 
  0.0232	 2.52306e+08	 7.65843e+08	 7.65843e+08	 5.2326e+08	 7.65843e+08	 7.65843e+08	 
  0.0234	 2.39468e+08	 7.48122e+08	 7.48122e+08	 5.04317e+08	 7.48122e+08	 7.48122e+08	 
  0.0236	 2.27241e+08	 7.30676e+08	 7.30676e+08	 4.85971e+08	 7.30676e+08	 7.30676e+08	 
  0.0238	 2.156e+08	 7.13509e+08	 7.13509e+08	 4.68208e+08	 7.13509e+08	 7.13509e+08	 
   0.024	 2.04519e+08	 6.96623e+08	 6.96623e+08	 4.51014e+08	 6.96623e+08	 6.96623e+08	 
  0.0242	 1.93974e+08	 6.80018e+08	 6.80018e+08	 4.34377e+08	 6.80018e+08	 6.80018e+08	 
  0.0244	 1.83941e+08	 6.63696e+08	 6.63696e+08	 4.18282e+08	 6.63696e+08	 6.63696e+08	 
  0.0246	 1.74398e+08	 6.47657e+08	 6.47657e+08	 4.02716e+08	 6.47657e+08	 6.47657e+08	 
  0.0248	 1.65323e+08	 6.319e+08	 6.319e+08	 3.87665e+08	 6.319e+08	 6.319e+08	 
   0.025	 1.56694e+08	 6.16427e+08	 6.16427e+08	 3.73115e+08	 6.16427e+08	 6.16427e+08	 
  0.0252	 1.48492e+08	 6.01237e+08	 6.01237e+08	 3.59055e+08	 6.01237e+08	 6.01237e+08	 
  0.0254	 1.40697e+08	 5.86329e+08	 5.86329e+08	 3.45469e+08	 5.86329e+08	 5.86329e+08	 
  0.0256	 1.33291e+08	 5.71701e+08	 5.71701e+08	 3.32347e+08	 5.71701e+08	 5.71701e+08	 
  0.0258	 1.26255e+08	 5.57354e+08	 5.57354e+08	 3.19674e+08	 5.57354e+08	 5.57354e+08	 
   0.026	 1.19573e+08	 5.43285e+08	 5.43285e+08	 3.07438e+08	 5.43285e+08	 5.43285e+08	 
  0.0262	 1.13227e+08	 5.29492e+08	 5.29492e+08	 2.95626e+08	 5.29492e+08	 5.29492e+08	 
  0.0264	 1.07203e+08	 5.15975e+08	 5.15975e+08	 2.84227e+08	 5.15975e+08	 5.15975e+08	 
  0.0266	 1.01485e+08	 5.02731e+08	 5.02731e+08	 2.73229e+08	 5.02731e+08	 5.02731e+08	 
  0.0268	 9.6058e+07	 4.89757e+08	 4.89757e+08	 2.62619e+08	 4.89757e+08	 4.89757e+08	 
   0.027	 9.09086e+07	 4.77052e+08	 4.77052e+08	 2.52385e+08	 4.77052e+08	 4.77052e+08	 
  0.0272	 8.60236e+07	 4.64612e+08	 4.64612e+08	 2.42517e+08	 4.64612e+08	 4.64612e+08	 
  0.0274	 8.139e+07	 4.52436e+08	 4.52436e+08	 2.33004e+08	 4.52436e+08	 4.52436e+08	 
  0.0276	 7.69957e+07	 4.40521e+08	 4.40521e+08	 2.23834e+08	 4.40521e+08	 4.40521e+08	 
  0.0278	 7.28291e+07	 4.28862e+08	 4.28862e+08	 2.14996e+08	 4.28862e+08	 4.28862e+08	 
   0.028	 6.88791e+07	 4.17459e+08	 4.17459e+08	 2.06481e+08	 4.17459e+08	 4.17459e+08	 
  0.0282	 6.5135e+07	 4.06306e+08	 4.06306e+08	 1.98278e+08	 4.06306e+08	 4.06306e+08	 
  0.0284	 6.15867e+07	 3.95402e+08	 3.95402e+08	 1.90377e+08	 3.95402e+08	 3.95402e+08	 
  0.0286	 5.82245e+07	 3.84743e+08	 3.84743e+08	 1.82767e+08	 3.84743e+08	 3.84743e+08	 
  0.0288	 5.50391e+07	 3.74325e+08	 3.74325e+08	 1.75441e+08	 3.74325e+08	 3.74325e+08	 
   0.029	 5.20217e+07	 3.64146e+08	 3.64146e+08	 1.68388e+08	 3.64146e+08	 3.64146e+08	 
  0.0292	 4.91638e+07	 3.54201e+08	 3.54201e+08	 1.61599e+08	 3.54201e+08	 3.54201e+08	 
  0.0294	 4.64576e+07	 3.44488e+08	 3.44488e+08	 1.55066e+08	 3.44488e+08	 3.44488e+08	 
  0.0296	 4.38952e+07	 3.35002e+08	 3.35002e+08	 1.4878e+08	 3.35002e+08	 3.35002e+08	 
  0.0298	 4.14694e+07	 3.2574e+08	 3.2574e+08	 1.42732e+08	 3.2574e+08	 3.2574e+08	 
    0.03	 3.91732e+07	 3.16698e+08	 3.16698e+08	 1.36915e+08	 3.16698e+08	 3.16698e+08	 
  0.0302	 3.70001e+07	 3.07874e+08	 3.07874e+08	 1.3132e+08	 3.07874e+08	 3.07874e+08	 
  0.0304	 3.49437e+07	 2.99262e+08	 2.99262e+08	 1.2594e+08	 2.99262e+08	 2.99262e+08	 
  0.0306	 3.2998e+07	 2.9086e+08	 2.9086e+08	 1.20767e+08	 2.9086e+08	 2.9086e+08	 
  0.0308	 3.11573e+07	 2.82663e+08	 2.82663e+08	 1.15795e+08	 2.82663e+08	 2.82663e+08	 
   0.031	 2.94162e+07	 2.74669e+08	 2.74669e+08	 1.11015e+08	 2.74669e+08	 2.74669e+08	 
  0.0312	 2.77695e+07	 2.66872e+08	 2.66872e+08	 1.06422e+08	 2.66872e+08	 2.66872e+08	 
  0.0314	 2.62123e+07	 2.59271e+08	 2.59271e+08	 1.02008e+08	 2.59271e+08	 2.59271e+08	 
  0.0316	 2.47399e+07	 2.5186e+08	 2.5186e+08	 9.77673e+07	 2.5186e+08	 2.5186e+08	 
  0.0318	 2.33479e+07	 2.44637e+08	 2.44637e+08	 9.36936e+07	 2.44637e+08	 2.44637e+08	 
   0.032	 2.2032e+07	 2.37597e+08	 2.37597e+08	 8.97808e+07	 2.37597e+08	 2.37597e+08	 
  0.0322	 2.07883e+07	 2.30738e+08	 2.30738e+08	 8.60229e+07	 2.30738e+08	 2.30738e+08	 
  0.0324	 1.96129e+07	 2.24055e+08	 2.24055e+08	 8.24144e+07	 2.24055e+08	 2.24055e+08	 
  0.0326	 1.85021e+07	 2.17545e+08	 2.17545e+08	 7.89498e+07	 2.17545e+08	 2.17545e+08	 
  0.0328	 1.74527e+07	 2.11204e+08	 2.11204e+08	 7.56237e+07	 2.11204e+08	 2.11204e+08	 
   0.033	 1.64612e+07	 2.05028e+08	 2.05028e+08	 7.24309e+07	 2.05028e+08	 2.05028e+08	 
  0.0332	 1.55246e+07	 1.99015e+08	 1.99015e+08	 6.93666e+07	 1.99015e+08	 1.99015e+08	 
  0.0334	 1.464e+07	 1.93161e+08	 1.93161e+08	 6.64259e+07	 1.93161e+08	 1.93161e+08	 
  0.0336	 1.38046e+07	 1.87463e+08	 1.87463e+08	 6.36042e+07	 1.87463e+08	 1.87463e+08	 
  0.0338	 1.30156e+07	 1.81916e+08	 1.81916e+08	 6.0897e+07	 1.81916e+08	 1.81916e+08	 
   0.034	 1.22707e+07	 1.76518e+08	 1.76518e+08	 5.82998e+07	 1.76518e+08	 1.76518e+08	 
  0.0342	 1.15675e+07	 1.71265e+08	 1.71265e+08	 5.58086e+07	 1.71265e+08	 1.71265e+08	 
  0.0344	 1.09036e+07	 1.66154e+08	 1.66154e+08	 5.34193e+07	 1.66154e+08	 1.66154e+08	 
  0.0346	 1.02769e+07	 1.61183e+08	 1.61183e+08	 5.1128e+07	 1.61183e+08	 1.61183e+08	 
  0.0348	 9.68543e+06	 1.56347e+08	 1.56347e+08	 4.89308e+07	 1.56347e+08	 1.56347e+08	 
   0.035	 9.12725e+06	 1.51643e+08	 1.51643e+08	 4.68243e+07	 1.51643e+08	 1.51643e+08	 
  0.0352	 8.60054e+06	 1.47069e+08	 1.47069e+08	 4.48047e+07	 1.47069e+08	 1.47069e+08	 
  0.0354	 8.10358e+06	 1.42622e+08	 1.42622e+08	 4.28688e+07	 1.42622e+08	 1.42622e+08	 
  0.0356	 7.63472e+06	 1.38298e+08	 1.38298e+08	 4.10133e+07	 1.38298e+08	 1.38298e+08	 
  0.0358	 7.19242e+06	 1.34094e+08	 1.34094e+08	 3.92349e+07	 1.34094e+08	 1.34094e+08	 
   0.036	 6.77521e+06	 1.30008e+08	 1.30008e+08	 3.75308e+07	 1.30008e+08	 1.30008e+08	 
  0.0362	 6.38172e+06	 1.26037e+08	 1.26037e+08	 3.58979e+07	 1.26037e+08	 1.26037e+08	 
  0.0364	 6.01061e+06	 1.22178e+08	 1.22178e+08	 3.43334e+07	 1.22178e+08	 1.22178e+08	 
  0.0366	 5.66067e+06	 1.18428e+08	 1.18428e+08	 3.28347e+07	 1.18428e+08	 1.18428e+08	 
  0.0368	 5.33069e+06	 1.14785e+08	 1.14785e+08	 3.1399e+07	 1.14785e+08	 1.14785e+08	 
   0.037	 5.01958e+06	 1.11245e+08	 1.11245e+08	 3.00239e+07	 1.11245e+08	 1.11245e+08	 
  0.0372	 4.72629e+06	 1.07807e+08	 1.07807e+08	 2.87069e+07	 1.07807e+08	 1.07807e+08	 
  0.0374	 4.44981e+06	 1.04468e+08	 1.04468e+08	 2.74457e+07	 1.04468e+08	 1.04468e+08	 
  0.0376	 4.1892e+06	 1.01224e+08	 1.01224e+08	 2.6238e+07	 1.01224e+08	 1.01224e+08	 
  0.0378	 3.94358e+06	 9.80746e+07	 9.80746e+07	 2.50817e+07	 9.80746e+07	 9.80746e+07	 
   0.038	 3.7121e+06	 9.50164e+07	 9.50164e+07	 2.39746e+07	 9.50164e+07	 9.50164e+07	 
  0.0382	 3.49396e+06	 9.20472e+07	 9.20472e+07	 2.29149e+07	 9.20472e+07	 9.20472e+07	 
  0.0384	 3.28842e+06	 8.91646e+07	 8.91646e+07	 2.19005e+07	 8.91646e+07	 8.91646e+07	 
  0.0386	 3.09476e+06	 8.63665e+07	 8.63665e+07	 2.09295e+07	 8.63665e+07	 8.63665e+07	 
  0.0388	 2.91231e+06	 8.36505e+07	 8.36505e+07	 2.00003e+07	 8.36505e+07	 8.36505e+07	 
   0.039	 2.74043e+06	 8.10146e+07	 8.10146e+07	 1.91111e+07	 8.10146e+07	 8.10146e+07	 
  0.0392	 2.57853e+06	 7.84566e+07	 7.84566e+07	 1.82602e+07	 7.84566e+07	 7.84566e+07	 
  0.0394	 2.42603e+06	 7.59744e+07	 7.59744e+07	 1.7446e+07	 7.59744e+07	 7.59744e+07	 
  0.0396	 2.28241e+06	 7.3566e+07	 7.3566e+07	 1.66671e+07	 7.3566e+07	 7.3566e+07	 
  0.0398	 2.14715e+06	 7.12294e+07	 7.12294e+07	 1.59219e+07	 7.12294e+07	 7.12294e+07	 
    0.04	 2.01978e+06	 6.89626e+07	 6.89626e+07	 1.52091e+07	 6.89626e+07	 6.89626e+07	 
  0.0402	 1.89985e+06	 6.67639e+07	 6.67639e+07	 1.45273e+07	 6.67639e+07	 6.67639e+07	 
  0.0404	 1.78692e+06	 6.46312e+07	 6.46312e+07	 1.38752e+07	 6.46312e+07	 6.46312e+07	 
  0.0406	 1.68061e+06	 6.25628e+07	 6.25628e+07	 1.32516e+07	 6.25628e+07	 6.25628e+07	 
  0.0408	 1.58053e+06	 6.0557e+07	 6.0557e+07	 1.26552e+07	 6.0557e+07	 6.0557e+07	 
   0.041	 1.48631e+06	 5.86119e+07	 5.86119e+07	 1.2085e+07	 5.86119e+07	 5.86119e+07	 
  0.0412	 1.39763e+06	 5.67259e+07	 5.67259e+07	 1.15397e+07	 5.67259e+07	 5.67259e+07	 
  0.0414	 1.31417e+06	 5.48974e+07	 5.48974e+07	 1.10184e+07	 5.48974e+07	 5.48974e+07	 
  0.0416	 1.23561e+06	 5.31247e+07	 5.31247e+07	 1.052e+07	 5.31247e+07	 5.31247e+07	 
  0.0418	 1.16169e+06	 5.14063e+07	 5.14063e+07	 1.00436e+07	 5.14063e+07	 5.14063e+07	 
   0.042	 1.09212e+06	 4.97406e+07	 4.97406e+07	 9.58825e+06	 4.97406e+07	 4.97406e+07	 
  0.0422	 1.02666e+06	 4.81262e+07	 4.81262e+07	 9.153e+06	 4.81262e+07	 4.81262e+07	 
  0.0424	   965074	 4.65616e+07	 4.65616e+07	 8.73702e+06	 4.65616e+07	 4.65616e+07	 
  0.0426	   907130	 4.50453e+07	 4.50453e+07	 8.33947e+06	 4.50453e+07	 4.50453e+07	 
  0.0428	   852617	 4.3576e+07	 4.3576e+07	 7.95958e+06	 4.3576e+07	 4.3576e+07	 
   0.043	   801337	 4.21523e+07	 4.21523e+07	 7.59658e+06	 4.21523e+07	 4.21523e+07	 
  0.0432	   753100	 4.0773e+07	 4.0773e+07	 7.24974e+06	 4.0773e+07	 4.0773e+07	 
  0.0434	   707729	 3.94366e+07	 3.94366e+07	 6.91837e+06	 3.94366e+07	 3.94366e+07	 
  0.0436	   665056	 3.8142e+07	 3.8142e+07	 6.60179e+06	 3.8142e+07	 3.8142e+07	 
  0.0438	   624923	 3.6888e+07	 3.6888e+07	 6.29937e+06	 3.6888e+07	 3.6888e+07	 
   0.044	   587182	 3.56734e+07	 3.56734e+07	 6.01048e+06	 3.56734e+07	 3.56734e+07	 
  0.0442	   551691	 3.44969e+07	 3.44969e+07	 5.73455e+06	 3.44969e+07	 3.44969e+07	 
  0.0444	   518319	 3.33576e+07	 3.33576e+07	 5.47101e+06	 3.33576e+07	 3.33576e+07	 
  0.0446	   486941	 3.22542e+07	 3.22542e+07	 5.21931e+06	 3.22542e+07	 3.22542e+07	 
  0.0448	   457439	 3.11858e+07	 3.11858e+07	 4.97895e+06	 3.11858e+07	 3.11858e+07	 
   0.045	   429704	 3.01513e+07	 3.01513e+07	 4.74941e+06	 3.01513e+07	 3.01513e+07	 
  0.0452	   403630	 2.91496e+07	 2.91496e+07	 4.53024e+06	 2.91496e+07	 2.91496e+07	 
  0.0454	   379119	 2.81799e+07	 2.81799e+07	 4.32096e+06	 2.81799e+07	 2.81799e+07	 
  0.0456	   356080	 2.72411e+07	 2.72411e+07	 4.12116e+06	 2.72411e+07	 2.72411e+07	 
  0.0458	   334425	 2.63323e+07	 2.63323e+07	 3.9304e+06	 2.63323e+07	 2.63323e+07	 
   0.046	   314072	 2.54526e+07	 2.54526e+07	 3.7483e+06	 2.54526e+07	 2.54526e+07	 
  0.0462	   294943	 2.46011e+07	 2.46011e+07	 3.57446e+06	 2.46011e+07	 2.46011e+07	 
  0.0464	   276967	 2.3777e+07	 2.3777e+07	 3.40853e+06	 2.3777e+07	 2.3777e+07	 
  0.0466	   260074	 2.29794e+07	 2.29794e+07	 3.25014e+06	 2.29794e+07	 2.29794e+07	 
  0.0468	   244200	 2.22076e+07	 2.22076e+07	 3.09898e+06	 2.22076e+07	 2.22076e+07	 
   0.047	   229285	 2.14607e+07	 2.14607e+07	 2.95471e+06	 2.14607e+07	 2.14607e+07	 
  0.0472	   215271	 2.0738e+07	 2.0738e+07	 2.81703e+06	 2.0738e+07	 2.0738e+07	 
  0.0474	   202104	 2.00387e+07	 2.00387e+07	 2.68564e+06	 2.00387e+07	 2.00387e+07	 
  0.0476	   189735	 1.93621e+07	 1.93621e+07	 2.56027e+06	 1.93621e+07	 1.93621e+07	 
  0.0478	   178114	 1.87076e+07	 1.87076e+07	 2.44064e+06	 1.87076e+07	 1.87076e+07	 
   0.048	   167198	 1.80744e+07	 1.80744e+07	 2.3265e+06	 1.80744e+07	 1.80744e+07	 
  0.0482	   156944	 1.74619e+07	 1.74619e+07	 2.21761e+06	 1.74619e+07	 1.74619e+07	 
  0.0484	   147313	 1.68694e+07	 1.68694e+07	 2.11372e+06	 1.68694e+07	 1.68694e+07	 
  0.0486	   138266	 1.62963e+07	 1.62963e+07	 2.01461e+06	 1.62963e+07	 1.62963e+07	 
  0.0488	   129770	 1.5742e+07	 1.5742e+07	 1.92006e+06	 1.5742e+07	 1.5742e+07	 
   0.049	   121791	 1.52059e+07	 1.52059e+07	 1.82988e+06	 1.52059e+07	 1.52059e+07	 
  0.0492	   114298	 1.46875e+07	 1.46875e+07	 1.74386e+06	 1.46875e+07	 1.46875e+07	 
  0.0494	   107261	 1.41862e+07	 1.41862e+07	 1.66181e+06	 1.41862e+07	 1.41862e+07	 
  0.0496	   100653	 1.37014e+07	 1.37014e+07	 1.58356e+06	 1.37014e+07	 1.37014e+07	 
  0.0498	  94448.6	 1.32326e+07	 1.32326e+07	 1.50893e+06	 1.32326e+07	 1.32326e+07	 
    0.05	    88623	 1.27794e+07	 1.27794e+07	 1.43776e+06	 1.27794e+07	 1.27794e+07	 
  0.0502	  83153.4	 1.23412e+07	 1.23412e+07	 1.3699e+06	 1.23412e+07	 1.23412e+07	 
  0.0504	  78018.3	 1.19175e+07	 1.19175e+07	 1.30518e+06	 1.19175e+07	 1.19175e+07	 
  0.0506	  73197.4	 1.1508e+07	 1.1508e+07	 1.24348e+06	 1.1508e+07	 1.1508e+07	 
  0.0508	  68671.8	 1.11121e+07	 1.11121e+07	 1.18464e+06	 1.11121e+07	 1.11121e+07	 
   0.051	  64423.4	 1.07293e+07	 1.07293e+07	 1.12854e+06	 1.07293e+07	 1.07293e+07	 
  0.0512	  60435.6	 1.03594e+07	 1.03594e+07	 1.07506e+06	 1.03594e+07	 1.03594e+07	 
  0.0514	  56692.4	 1.00018e+07	 1.00018e+07	 1.02408e+06	 1.00018e+07	 1.00018e+07	 
  0.0516	    53179	 9.65626e+06	 9.65626e+06	   975474	 9.65626e+06	 9.65626e+06	 
  0.0518	  49881.6	 9.32227e+06	 9.32227e+06	   929142	 9.32227e+06	 9.32227e+06	 
   0.052	  46786.8	 8.99949e+06	 8.99949e+06	   884978	 8.99949e+06	 8.99949e+06	 
  0.0522	  43882.4	 8.68757e+06	 8.68757e+06	   842881	 8.68757e+06	 8.68757e+06	 
  0.0524	  41156.8	 8.38615e+06	 8.38615e+06	   802758	 8.38615e+06	 8.38615e+06	 
  0.0526	  38599.1	 8.09489e+06	 8.09489e+06	   764516	 8.09489e+06	 8.09489e+06	 
  0.0528	  36199.1	 7.81347e+06	 7.81347e+06	   728070	 7.81347e+06	 7.81347e+06	 
   0.053	    33947	 7.54156e+06	 7.54156e+06	   693337	 7.54156e+06	 7.54156e+06	 
  0.0532	  31833.9	 7.27886e+06	 7.27886e+06	   660237	 7.27886e+06	 7.27886e+06	 
  0.0534	  29851.3	 7.02505e+06	 7.02505e+06	   628695	 7.02505e+06	 7.02505e+06	 
  0.0536	  27991.2	 6.77986e+06	 6.77986e+06	   598639	 6.77986e+06	 6.77986e+06	 
  0.0538	  26246.1	 6.543e+06	 6.543e+06	   570000	 6.543e+06	 6.543e+06	 
   0.054	  24608.9	 6.3142e+06	 6.3142e+06	   542713	 6.3142e+06	 6.3142e+06	 
  0.0542	  23073.1	 6.09319e+06	 6.09319e+06	   516714	 6.09319e+06	 6.09319e+06	 
  0.0544	  21632.4	 5.87971e+06	 5.87971e+06	   491943	 5.87971e+06	 5.87971e+06	 
  0.0546	  20280.9	 5.67352e+06	 5.67352e+06	   468345	 5.67352e+06	 5.67352e+06	 
  0.0548	  19013.3	 5.47438e+06	 5.47438e+06	   445863	 5.47438e+06	 5.47438e+06	 
   0.055	  17824.3	 5.28205e+06	 5.28205e+06	   424447	 5.28205e+06	 5.28205e+06	 
  0.0552	  16709.1	 5.09631e+06	 5.09631e+06	   404045	 5.09631e+06	 5.09631e+06	 
  0.0554	  15663.1	 4.91694e+06	 4.91694e+06	   384612	 4.91694e+06	 4.91694e+06	 
  0.0556	  14682.2	 4.74373e+06	 4.74373e+06	   366102	 4.74373e+06	 4.74373e+06	 
  0.0558	  13762.2	 4.57648e+06	 4.57648e+06	   348471	 4.57648e+06	 4.57648e+06	 
   0.056	  12899.5	 4.41497e+06	 4.41497e+06	   331678	 4.41497e+06	 4.41497e+06	 
  0.0562	  12090.4	 4.25904e+06	 4.25904e+06	   315685	 4.25904e+06	 4.25904e+06	 
  0.0564	  11331.8	 4.10848e+06	 4.10848e+06	   300453	 4.10848e+06	 4.10848e+06	 
  0.0566	  10620.4	 3.96311e+06	 3.96311e+06	   285948	 3.96311e+06	 3.96311e+06	 
  0.0568	  9953.37	 3.82277e+06	 3.82277e+06	   272134	 3.82277e+06	 3.82277e+06	 
   0.057	  9327.95	 3.68729e+06	 3.68729e+06	   258979	 3.68729e+06	 3.68729e+06	 
  0.0572	  8741.55	 3.5565e+06	 3.5565e+06	   246453	 3.5565e+06	 3.5565e+06	 
  0.0574	  8191.76	 3.43024e+06	 3.43024e+06	   234525	 3.43024e+06	 3.43024e+06	 
  0.0576	  7676.32	 3.30837e+06	 3.30837e+06	   223168	 3.30837e+06	 3.30837e+06	 
  0.0578	   7193.1	 3.19073e+06	 3.19073e+06	   212355	 3.19073e+06	 3.19073e+06	 
   0.058	  6740.09	 3.07718e+06	 3.07718e+06	   202059	 3.07718e+06	 3.07718e+06	 
  0.0582	  6315.42	 2.96758e+06	 2.96758e+06	   192257	 2.96758e+06	 2.96758e+06	 
  0.0584	  5917.34	 2.8618e+06	 2.8618e+06	   182925	 2.8618e+06	 2.8618e+06	 
  0.0586	  5544.19	 2.75971e+06	 2.75971e+06	   174041	 2.75971e+06	 2.75971e+06	 
  0.0588	  5194.41	 2.66119e+06	 2.66119e+06	   165583	 2.66119e+06	 2.66119e+06	 
   0.059	  4866.56	 2.56611e+06	 2.56611e+06	   157532	 2.56611e+06	 2.56611e+06	 
  0.0592	  4559.28	 2.47435e+06	 2.47435e+06	   149868	 2.47435e+06	 2.47435e+06	 
  0.0594	  4271.27	 2.38581e+06	 2.38581e+06	   142573	 2.38581e+06	 2.38581e+06	 
  0.0596	  4001.35	 2.30037e+06	 2.30037e+06	   135629	 2.30037e+06	 2.30037e+06	 
  0.0598	  3748.37	 2.21793e+06	 2.21793e+06	   129020	 2.21793e+06	 2.21793e+06	 
    0.06	  3511.29	 2.13838e+06	 2.13838e+06	   122729	 2.13838e+06	 2.13838e+06	 
  0.0602	  3289.12	 2.06163e+06	 2.06163e+06	   116742	 2.06163e+06	 2.06163e+06	 
  0.0604	  3080.92	 1.98758e+06	 1.98758e+06	   111044	 1.98758e+06	 1.98758e+06	 
  0.0606	  2885.82	 1.91613e+06	 1.91613e+06	   105621	 1.91613e+06	 1.91613e+06	 
  0.0608	     2703	 1.84721e+06	 1.84721e+06	   100460	 1.84721e+06	 1.84721e+06	 
   0.061	  2531.69	 1.78071e+06	 1.78071e+06	  95548.9	 1.78071e+06	 1.78071e+06	 
  0.0612	  2371.18	 1.71656e+06	 1.71656e+06	  90875.3	 1.71656e+06	 1.71656e+06	 
  0.0614	  2220.78	 1.65468e+06	 1.65468e+06	  86427.9	 1.65468e+06	 1.65468e+06	 
  0.0616	  2079.87	 1.59499e+06	 1.59499e+06	  82196.1	 1.59499e+06	 1.59499e+06	 
  0.0618	  1947.85	 1.53741e+06	 1.53741e+06	  78169.4	 1.53741e+06	 1.53741e+06	 
   0.062	  1824.16	 1.48187e+06	 1.48187e+06	    74338	 1.48187e+06	 1.48187e+06	 
  0.0622	  1708.28	 1.4283e+06	 1.4283e+06	  70692.6	 1.4283e+06	 1.4283e+06	 
  0.0624	  1599.72	 1.37663e+06	 1.37663e+06	  67224.2	 1.37663e+06	 1.37663e+06	 
  0.0626	  1498.02	 1.3268e+06	 1.3268e+06	  63924.3	 1.3268e+06	 1.3268e+06	 
  0.0628	  1402.75	 1.27873e+06	 1.27873e+06	  60784.9	 1.27873e+06	 1.27873e+06	 
   0.063	   1313.5	 1.23238e+06	 1.23238e+06	  57798.1	 1.23238e+06	 1.23238e+06	 
  0.0632	   1229.9	 1.18768e+06	 1.18768e+06	  54956.8	 1.18768e+06	 1.18768e+06	 
  0.0634	   1151.6	 1.14457e+06	 1.14457e+06	  52253.8	 1.14457e+06	 1.14457e+06	 
  0.0636	  1078.25	 1.10299e+06	 1.10299e+06	  49682.5	 1.10299e+06	 1.10299e+06	 
  0.0638	  1009.55	 1.06291e+06	 1.06291e+06	  47236.6	 1.06291e+06	 1.06291e+06	 
   0.064	  945.205	 1.02425e+06	 1.02425e+06	    44910	 1.02425e+06	 1.02425e+06	 
  0.0642	  884.939	   986973	   986973	    42697	   986973	   986973	 
  0.0644	  828.495	   951031	   951031	    40592	   951031	   951031	 
  0.0646	  775.632	   916376	   916376	  38589.8	   916376	   916376	 
  0.0648	  726.125	   882963	   882963	  36685.6	   882963	   882963	 
   0.065	  679.761	   850748	   850748	  34874.5	   850748	   850748	 
  0.0652	  636.343	   819688	   819688	    33152	   819688	   819688	 
  0.0654	  595.684	   789744	   789744	  31513.8	   789744	   789744	 
  0.0656	   557.61	   760877	   760877	  29955.9	   760877	   760877	 
  0.0658	  521.958	   733047	   733047	  28474.3	   733047	   733047	 
   0.066	  488.573	   706219	   706219	  27065.4	   706219	   706219	 
  0.0662	  457.314	   680357	   680357	  25725.6	   680357	   680357	 
  0.0664	  428.044	   655427	   655427	  24451.6	   655427	   655427	 
  0.0666	  400.639	   631397	   631397	  23240.1	   631397	   631397	 
  0.0668	   374.98	   608233	   608233	  22088.2	   608233	   608233	 
   0.067	  350.957	   585907	   585907	  20992.9	   585907	   585907	 
  0.0672	  328.465	   564387	   564387	  19951.5	   564387	   564387	 
  0.0674	  307.408	   543646	   543646	  18961.3	   543646	   543646	 
  0.0676	  287.694	   523655	   523655	  18019.8	   523655	   523655	 
  0.0678	  269.239	   504389	   504389	  17124.8	   504389	   504389	 
   0.068	  251.962	   485821	   485821	  16273.8	   485821	   485821	 
  0.0682	  235.789	   467926	   467926	  15464.8	   467926	   467926	 
  0.0684	  220.649	   450681	   450681	  14695.7	   450681	   450681	 
  0.0686	  206.477	   434062	   434062	  13964.5	   434062	   434062	 
  0.0688	  193.211	   418046	   418046	  13269.4	   418046	   418046	 
   0.069	  180.794	   402614	   402614	  12608.7	   402614	   402614	 
  0.0692	  169.171	   387743	   387743	  11980.6	   387743	   387743	 
  0.0694	  158.291	   373413	   373413	  11383.6	   373413	   373413	 
  0.0696	  148.109	   359605	   359605	  10816.1	   359605	   359605	 
  0.0698	  138.579	   346301	   346301	  10276.6	   346301	   346301	 
    0.07	  129.659	   333483	   333483	  9763.89	   333483	   333483	 
  0.0702	  121.311	   321132	   321132	  9276.56	   321132	   321132	 
  0.0704	  113.498	   309232	   309232	  8813.37	   309232	   309232	 
  0.0706	  106.186	   297767	   297767	  8373.14	   297767	   297767	 
  0.0708	   99.343	   286722	   286722	  7954.73	   286722	   286722	 
   0.071	  92.9393	   276081	   276081	  7557.09	   276081	   276081	 
  0.0712	  86.9467	   265829	   265829	  7179.18	   265829	   265829	 
  0.0714	  81.3388	   255953	   255953	  6820.03	   255953	   255953	 
  0.0716	  76.0912	   246439	   246439	  6478.73	   246439	   246439	 
  0.0718	  71.1807	   237274	   237274	  6154.38	   237274	   237274	 
   0.072	  66.5858	   228446	   228446	  5846.16	   228446	   228446	 
  0.0722	  62.2863	   219942	   219942	  5553.27	   219942	   219942	 
  0.0724	  58.2634	   211750	   211750	  5274.95	   211750	   211750	 
  0.0726	  54.4992	   203860	   203860	  5010.48	   203860	   203860	 
  0.0728	  50.9772	   196259	   196259	  4759.18	   196259	   196259	 
   0.073	   47.682	   188939	   188939	  4520.41	   188939	   188939	 
  0.0732	  44.5989	   181888	   181888	  4293.53	   181888	   181888	 
  0.0734	  41.7144	   175097	   175097	  4077.96	   175097	   175097	 
  0.0736	  39.0157	   168557	   168557	  3873.14	   168557	   168557	 
  0.0738	   36.491	   162258	   162258	  3678.54	   162258	   162258	 
   0.074	   34.129	   156191	   156191	  3493.66	   156191	   156191	 
  0.0742	  31.9193	   150348	   150348	     3318	   150348	   150348	 
  0.0744	  29.8521	   144722	   144722	  3151.13	   144722	   144722	 
  0.0746	  27.9183	   139303	   139303	  2992.59	   139303	   139303	 
  0.0748	  26.1093	   134085	   134085	  2841.97	   134085	   134085	 
   0.075	  24.4171	   129060	   129060	  2698.89	   129060	   129060	 
  0.0752	  22.8341	   124221	   124221	  2562.96	   124221	   124221	 
  0.0754	  21.3534	   119562	   119562	  2433.84	   119562	   119562	 
  0.0756	  19.9684	   115075	   115075	  2311.19	   115075	   115075	 
  0.0758	  18.6729	   110755	   110755	  2194.67	   110755	   110755	 
   0.076	  17.4611	   106595	   106595	  2083.99	   106595	   106595	 
  0.0762	  16.3277	   102589	   102589	  1978.87	   102589	   102589	 
  0.0764	  15.2676	  98732.3	  98732.3	  1879.01	  98732.3	  98732.3	 
  0.0766	   14.276	  95018.9	  95018.9	  1784.16	  95018.9	  95018.9	 
  0.0768	  13.3487	  91443.7	  91443.7	  1694.07	  91443.7	  91443.7	 
   0.077	  12.4813	  88001.4	  88001.4	   1608.5	  88001.4	  88001.4	 
  0.0772	  11.6702	  84687.4	  84687.4	  1527.22	  84687.4	  84687.4	 
  0.0774	  10.9115	  81496.7	  81496.7	  1450.03	  81496.7	  81496.7	 
  0.0776	   10.202	    78425	    78425	  1376.72	    78425	    78425	 
  0.0778	  9.53851	  75467.8	  75467.8	  1307.09	  75467.8	  75467.8	 
   0.078	    8.918	  72620.9	  72620.9	  1240.97	  72620.9	  72620.9	 
  0.0782	  8.33772	  69880.2	  69880.2	  1178.17	  69880.2	  69880.2	 
  0.0784	  7.79507	  67241.9	  67241.9	  1118.53	  67241.9	  67241.9	 
  0.0786	  7.28762	  64702.2	  64702.2	  1061.89	  64702.2	  64702.2	 
  0.0788	  6.81309	  62257.3	  62257.3	   1008.1	  62257.3	  62257.3	 
   0.079	  6.36936	  59903.9	  59903.9	  957.024	  59903.9	  59903.9	 
  0.0792	  5.95443	  57638.5	  57638.5	  908.519	  57638.5	  57638.5	 
  0.0794	  5.56644	  55457.9	  55457.9	  862.459	  55457.9	  55457.9	 
  0.0796	  5.20366	  53358.9	  53358.9	  818.721	  53358.9	  53358.9	 
  0.0798	  4.86444	  51338.6	  51338.6	  777.189	  51338.6	  51338.6	 
    0.08	  4.54726	    49394	    49394	  737.752	    49394	    49394	 
  0.0802	  4.25069	  47522.3	  47522.3	  700.306	  47522.3	  47522.3	 
  0.0804	  3.97341	  45720.9	  45720.9	   664.75	  45720.9	  45720.9	 
  0.0806	  3.71416	    43987	    43987	  630.989	    43987	    43987	 
  0.0808	  3.47177	  42318.2	  42318.2	  598.934	  42318.2	  42318.2	 
   0.081	  3.24514	  40712.2	  40712.2	  568.498	  40712.2	  40712.2	 
  0.0812	  3.03327	  39166.4	  39166.4	  539.601	  39166.4	  39166.4	 
  0.0814	  2.83518	  37678.8	  37678.8	  512.165	  37678.8	  37678.8	 
  0.0816	  2.64999	  36247.2	  36247.2	  486.116	  36247.2	  36247.2	 
  0.0818	  2.47686	  34869.4	  34869.4	  461.386	  34869.4	  34869.4	 
   0.082	  2.31501	  33543.5	  33543.5	  437.907	  33543.5	  33543.5	 
  0.0822	   2.1637	  32267.5	  32267.5	  415.617	  32267.5	  32267.5	 
  0.0824	  2.02225	  31039.6	  31039.6	  394.455	  31039.6	  31039.6	 
  0.0826	  1.89002	    29858	    29858	  374.366	    29858	    29858	 
  0.0828	  1.76641	    28721	    28721	  355.294	    28721	    28721	 
   0.083	  1.65086	  27626.8	  27626.8	  337.189	  27626.8	  27626.8	 
  0.0832	  1.54285	    26574	    26574	  320.002	    26574	    26574	 
  0.0834	  1.44188	  25560.9	  25560.9	  303.686	  25560.9	  25560.9	 
  0.0836	   1.3475	    24586	    24586	  288.199	    24586	    24586	 
  0.0838	  1.25928	  23648.1	  23648.1	  273.497	  23648.1	  23648.1	 
   0.084	  1.17682	  22745.5	  22745.5	  259.542	  22745.5	  22745.5	 
  0.0842	  1.09974	  21877.1	  21877.1	  246.295	  21877.1	  21877.1	 
  0.0844	   1.0277	  21041.6	  21041.6	  233.721	  21041.6	  21041.6	 
  0.0846	 0.960363	  20237.7	  20237.7	  221.786	  20237.7	  20237.7	 
  0.0848	 0.897426	  19464.2	  19464.2	  210.457	  19464.2	  19464.2	 
   0.085	 0.838602	  18720.1	  18720.1	  199.704	  18720.1	  18720.1	 
  0.0852	 0.783622	  18004.1	  18004.1	  189.498	  18004.1	  18004.1	 
  0.0854	 0.732237	  17315.3	  17315.3	  179.811	  17315.3	  17315.3	 
  0.0856	 0.684212	  16652.6	  16652.6	  170.617	  16652.6	  16652.6	 
  0.0858	 0.639328	    16015	    16015	  161.891	    16015	    16015	 
   0.086	 0.597381	  15401.7	  15401.7	  153.609	  15401.7	  15401.7	 
  0.0862	 0.558178	  14811.6	  14811.6	  145.749	  14811.6	  14811.6	 
  0.0864	 0.521541	    14244	    14244	  138.289	    14244	    14244	 
  0.0866	 0.487302	  13697.9	  13697.9	  131.209	  13697.9	  13697.9	 
  0.0868	 0.455304	  13172.6	  13172.6	   124.49	  13172.6	  13172.6	 
   0.087	 0.425403	  12667.3	  12667.3	  118.113	  12667.3	  12667.3	 
  0.0872	 0.397459	  12181.1	  12181.1	  112.062	  12181.1	  12181.1	 
  0.0874	 0.371346	  11713.5	  11713.5	  106.319	  11713.5	  11713.5	 
  0.0876	 0.346945	  11263.7	  11263.7	  100.869	  11263.7	  11263.7	 
  0.0878	 0.324142	    10831	    10831	  95.6978	    10831	    10831	 
   0.088	 0.302835	  10414.9	  10414.9	  90.7901	  10414.9	  10414.9	 
  0.0882	 0.282924	  10014.5	  10014.5	   86.133	  10014.5	  10014.5	 
  0.0884	 0.264319	  9629.46	  9629.46	  81.7137	  9629.46	  9629.46	 
  0.0886	 0.246934	  9259.08	  9259.08	  77.5202	  9259.08	  9259.08	 
  0.0888	  0.23069	  8902.84	  8902.84	  73.5409	  8902.84	  8902.84	 
   0.089	 0.215512	  8560.19	  8560.19	   69.765	  8560.19	  8560.19	 
  0.0892	 0.201329	  8230.63	  8230.63	  66.1822	  8230.63	  8230.63	 
  0.0894	 0.188078	  7913.66	  7913.66	  62.7825	  7913.66	  7913.66	 
  0.0896	 0.175697	   7608.8	   7608.8	  59.5568	   7608.8	   7608.8	 
  0.0898	 0.164128	  7315.59	  7315.59	  56.4961	  7315.59	  7315.59	 
    0.09	  0.15332	  7033.59	  7033.59	   53.592	  7033.59	  7033.59	 
  0.0902	 0.143221	  6762.38	  6762.38	  50.8365	  6762.38	  6762.38	 
  0.0904	 0.133786	  6501.55	  6501.55	  48.2222	  6501.55	  6501.55	 
  0.0906	 0.124971	   6250.7	   6250.7	  45.7417	   6250.7	   6250.7	 
  0.0908	 0.116736	  6009.45	  6009.45	  43.3883	  6009.45	  6009.45	 
   0.091	 0.109042	  5777.45	  5777.45	  41.1555	  5777.45	  5777.45	 
  0.0912	 0.101853	  5554.34	  5554.34	  39.0371	  5554.34	  5554.34	 
  0.0914	 0.0951378	  5339.78	  5339.78	  37.0273	  5339.78	  5339.78	 
  0.0916	 0.088864	  5133.44	  5133.44	  35.1206	  5133.44	  5133.44	 
  0.0918	 0.0830029	  4935.02	  4935.02	  33.3116	  4935.02	  4935.02	 
   0.092	 0.0775274	  4744.22	  4744.22	  31.5955	  4744.22	  4744.22	 
  0.0922	 0.0724123	  4560.73	  4560.73	  29.9674	  4560.73	  4560.73	 
  0.0924	 0.0676339	   4384.3	   4384.3	  28.4228	   4384.3	   4384.3	 
  0.0926	 0.0631701	  4214.63	  4214.63	  26.9576	  4214.63	  4214.63	 
  0.0928	 0.0590002	  4051.49	  4051.49	  25.5676	  4051.49	  4051.49	 
   0.093	 0.0551049	  3894.61	  3894.61	   24.249	  3894.61	  3894.61	 
  0.0932	 0.0514662	  3743.77	  3743.77	  22.9981	  3743.77	  3743.77	 
  0.0934	 0.0480672	  3598.73	  3598.73	  21.8115	  3598.73	  3598.73	 
  0.0936	 0.0448921	  3459.27	  3459.27	  20.6859	  3459.27	  3459.27	 
  0.0938	 0.0419264	  3325.17	  3325.17	  19.6181	  3325.17	  3325.17	 
   0.094	 0.0391561	  3196.24	  3196.24	  18.6053	  3196.24	  3196.24	 
  0.0942	 0.0365684	  3072.27	  3072.27	  17.6445	  3072.27	  3072.27	 
  0.0944	 0.0341514	  2953.07	  2953.07	  16.7332	  2953.07	  2953.07	 
  0.0946	 0.0318937	  2838.47	  2838.47	  15.8688	  2838.47	  2838.47	 
  0.0948	 0.029785	  2728.29	  2728.29	  15.0488	  2728.29	  2728.29	 
   0.095	 0.0278154	  2622.35	  2622.35	  14.2711	  2622.35	  2622.35	 
  0.0952	 0.0259757	   2520.5	   2520.5	  13.5334	   2520.5	   2520.5	 
  0.0954	 0.0242575	  2422.57	  2422.57	  12.8337	  2422.57	  2422.57	 
  0.0956	 0.0226526	  2328.43	  2328.43	    12.17	  2328.43	  2328.43	 
  0.0958	 0.0211537	  2237.92	  2237.92	  11.5405	  2237.92	  2237.92	 
   0.096	 0.0197538	  2150.91	  2150.91	  10.9435	  2150.91	  2150.91	 
  0.0962	 0.0184463	  2067.25	  2067.25	  10.3772	  2067.25	  2067.25	 
  0.0964	 0.0172252	  1986.83	  1986.83	  9.84018	  1986.83	  1986.83	 
  0.0966	 0.0160847	  1909.52	  1909.52	  9.33081	  1909.52	  1909.52	 
  0.0968	 0.0150196	  1835.19	  1835.19	  8.84772	  1835.19	  1835.19	 
   0.097	 0.0140249	  1763.74	  1763.74	  8.38954	  1763.74	  1763.74	 
  0.0972	 0.0130959	  1695.05	  1695.05	  7.95501	  1695.05	  1695.05	 
  0.0974	 0.0122283	  1629.03	  1629.03	   7.5429	  1629.03	  1629.03	 
  0.0976	 0.0114181	  1565.55	  1565.55	  7.15207	  1565.55	  1565.55	 
  0.0978	 0.0106614	  1504.54	  1504.54	  6.78142	  1504.54	  1504.54	 
   0.098	 0.00995478	  1445.88	  1445.88	  6.42991	  1445.88	  1445.88	 
  0.0982	 0.0092949	   1389.5	   1389.5	  6.09656	   1389.5	   1389.5	 
  0.0984	 0.00867866	   1335.3	   1335.3	  5.78042	   1335.3	   1335.3	 
  0.0986	 0.0081032	  1283.21	  1283.21	  5.48063	  1283.21	  1283.21	 
  0.0988	 0.00756582	  1233.13	  1233.13	  5.19633	  1233.13	  1233.13	 
   0.099	 0.00706401	     1185	     1185	  4.92673	     1185	     1185	 
  0.0992	 0.00659541	  1138.73	  1138.73	  4.67106	  1138.73	  1138.73	 
  0.0994	 0.00615783	  1094.26	  1094.26	  4.42862	  1094.26	  1094.26	 
  0.0996	 0.00574923	  1051.52	  1051.52	  4.19872	  1051.52	  1051.52	 
  0.0998	 0.00536768	  1010.43	  1010.43	  3.98072	  1010.43	  1010.43	 
     0.1	 0.00501141	  970.939	  970.939	  3.77399	  970.939	  970.939	 
