       0	        0	        0	        0	        0	        0	        0	 
  0.0002	 6.60468e+06	   348014	   348014	 1.5227e+06	   348014	   348014	 
  0.0004	 3.64203e+07	 2.19768e+06	 2.19768e+06	 9.5581e+06	 2.19768e+06	 2.19768e+06	 
  0.0006	 9.59263e+07	 6.33885e+06	 6.33885e+06	 2.72795e+07	 6.33885e+06	 6.33885e+06	 
  0.0008	 1.86702e+08	 1.32655e+07	 1.32655e+07	 5.63844e+07	 1.32655e+07	 1.32655e+07	 
   0.001	 3.07872e+08	 2.32857e+07	 2.32857e+07	 9.76544e+07	 2.32857e+07	 2.32857e+07	 
  0.0012	 4.57148e+08	 3.65732e+07	 3.65732e+07	 1.51235e+08	 3.65732e+07	 3.65732e+07	 
  0.0014	 6.31421e+08	 5.32e+07	 5.32e+07	 2.16819e+08	 5.32e+07	 5.32e+07	 
  0.0016	 8.27144e+08	 7.3159e+07	 7.3159e+07	 2.93769e+08	 7.3159e+07	 7.3159e+07	 
  0.0018	 1.04058e+09	 9.63817e+07	 9.63817e+07	 3.81222e+08	 9.63817e+07	 9.63817e+07	 
   0.002	 1.26799e+09	 1.22751e+08	 1.22751e+08	 4.78155e+08	 1.22751e+08	 1.22751e+08	 
  0.0022	 1.50572e+09	 1.52114e+08	 1.52114e+08	 5.83447e+08	 1.52114e+08	 1.52114e+08	 
  0.0024	 1.75031e+09	 1.84286e+08	 1.84286e+08	 6.95922e+08	 1.84286e+08	 1.84286e+08	 
  0.0026	 1.99854e+09	 2.19065e+08	 2.19065e+08	 8.14381e+08	 2.19065e+08	 2.19065e+08	 
  0.0028	 2.24745e+09	 2.56233e+08	 2.56233e+08	 9.37634e+08	 2.56233e+08	 2.56233e+08	 
   0.003	 2.49438e+09	 2.95559e+08	 2.95559e+08	 1.06452e+09	 2.95559e+08	 2.95559e+08	 
  0.0032	 2.73694e+09	 3.36809e+08	 3.36809e+08	 1.19391e+09	 3.36809e+08	 3.36809e+08	 
  0.0034	 2.97306e+09	 3.79747e+08	 3.79747e+08	 1.32476e+09	 3.79747e+08	 3.79747e+08	 
  0.0036	 3.20092e+09	 4.24134e+08	 4.24134e+08	 1.45604e+09	 4.24134e+08	 4.24134e+08	 
  0.0038	 3.41899e+09	 4.69738e+08	 4.69738e+08	 1.58685e+09	 4.69738e+08	 4.69738e+08	 
   0.004	 3.62599e+09	 5.1633e+08	 5.1633e+08	 1.71631e+09	 5.1633e+08	 5.1633e+08	 
  0.0042	 3.82088e+09	 5.63686e+08	 5.63686e+08	 1.84365e+09	 5.63686e+08	 5.63686e+08	 
  0.0044	 4.00284e+09	 6.11593e+08	 6.11593e+08	 1.96815e+09	 6.11593e+08	 6.11593e+08	 
  0.0046	 4.17124e+09	 6.59842e+08	 6.59842e+08	 2.08919e+09	 6.59842e+08	 6.59842e+08	 
  0.0048	 4.32566e+09	 7.08239e+08	 7.08239e+08	 2.20621e+09	 7.08239e+08	 7.08239e+08	 
   0.005	 4.46582e+09	 7.56596e+08	 7.56596e+08	 2.31872e+09	 7.56596e+08	 7.56596e+08	 
  0.0052	 4.59159e+09	 8.04736e+08	 8.04736e+08	 2.4263e+09	 8.04736e+08	 8.04736e+08	 
  0.0054	 4.703e+09	 8.52495e+08	 8.52495e+08	 2.52859e+09	 8.52495e+08	 8.52495e+08	 
  0.0056	 4.80015e+09	 8.99719e+08	 8.99719e+08	 2.6253e+09	 8.99719e+08	 8.99719e+08	 
  0.0058	 4.88327e+09	 9.46262e+08	 9.46262e+08	 2.7162e+09	 9.46262e+08	 9.46262e+08	 
   0.006	 4.95268e+09	 9.91994e+08	 9.91994e+08	 2.8011e+09	 9.91994e+08	 9.91994e+08	 
  0.0062	 5.00875e+09	 1.03679e+09	 1.03679e+09	 2.87987e+09	 1.03679e+09	 1.03679e+09	 
  0.0064	 5.05192e+09	 1.08054e+09	 1.08054e+09	 2.95243e+09	 1.08054e+09	 1.08054e+09	 
  0.0066	 5.0827e+09	 1.12315e+09	 1.12315e+09	 3.01871e+09	 1.12315e+09	 1.12315e+09	 
  0.0068	 5.10161e+09	 1.16451e+09	 1.16451e+09	 3.07873e+09	 1.16451e+09	 1.16451e+09	 
   0.007	 5.10923e+09	 1.20456e+09	 1.20456e+09	 3.13251e+09	 1.20456e+09	 1.20456e+09	 
  0.0072	 5.10613e+09	 1.24322e+09	 1.24322e+09	 3.1801e+09	 1.24322e+09	 1.24322e+09	 
  0.0074	 5.09293e+09	 1.28042e+09	 1.28042e+09	 3.22159e+09	 1.28042e+09	 1.28042e+09	 
  0.0076	 5.07024e+09	 1.31611e+09	 1.31611e+09	 3.2571e+09	 1.31611e+09	 1.31611e+09	 
  0.0078	 5.03867e+09	 1.35025e+09	 1.35025e+09	 3.28676e+09	 1.35025e+09	 1.35025e+09	 
   0.008	 4.99886e+09	 1.38279e+09	 1.38279e+09	 3.31071e+09	 1.38279e+09	 1.38279e+09	 
  0.0082	 4.95139e+09	 1.41371e+09	 1.41371e+09	 3.32913e+09	 1.41371e+09	 1.41371e+09	 
  0.0084	 4.89689e+09	 1.44298e+09	 1.44298e+09	 3.3422e+09	 1.44298e+09	 1.44298e+09	 
  0.0086	 4.83594e+09	 1.47058e+09	 1.47058e+09	 3.35012e+09	 1.47058e+09	 1.47058e+09	 
  0.0088	 4.76912e+09	 1.4965e+09	 1.4965e+09	 3.35308e+09	 1.4965e+09	 1.4965e+09	 
   0.009	 4.69698e+09	 1.52074e+09	 1.52074e+09	 3.35129e+09	 1.52074e+09	 1.52074e+09	 
  0.0092	 4.62007e+09	 1.54329e+09	 1.54329e+09	 3.34498e+09	 1.54329e+09	 1.54329e+09	 
  0.0094	 4.53891e+09	 1.56416e+09	 1.56416e+09	 3.33436e+09	 1.56416e+09	 1.56416e+09	 
  0.0096	 4.45399e+09	 1.58336e+09	 1.58336e+09	 3.31965e+09	 1.58336e+09	 1.58336e+09	 
  0.0098	 4.36579e+09	 1.6009e+09	 1.6009e+09	 3.30108e+09	 1.6009e+09	 1.6009e+09	 
    0.01	 4.27475e+09	 1.6168e+09	 1.6168e+09	 3.27886e+09	 1.6168e+09	 1.6168e+09	 
  0.0102	 4.18132e+09	 1.63108e+09	 1.63108e+09	 3.25323e+09	 1.63108e+09	 1.63108e+09	 
  0.0104	 4.08589e+09	 1.64376e+09	 1.64376e+09	 3.2244e+09	 1.64376e+09	 1.64376e+09	 
  0.0106	 3.98885e+09	 1.65487e+09	 1.65487e+09	 3.19259e+09	 1.65487e+09	 1.65487e+09	 
  0.0108	 3.89055e+09	 1.66445e+09	 1.66445e+09	 3.15801e+09	 1.66445e+09	 1.66445e+09	 
   0.011	 3.79133e+09	 1.67251e+09	 1.67251e+09	 3.12087e+09	 1.67251e+09	 1.67251e+09	 
  0.0112	 3.69151e+09	 1.6791e+09	 1.6791e+09	 3.08138e+09	 1.6791e+09	 1.6791e+09	 
  0.0114	 3.59137e+09	 1.68426e+09	 1.68426e+09	 3.03972e+09	 1.68426e+09	 1.68426e+09	 
  0.0116	 3.49119e+09	 1.68801e+09	 1.68801e+09	 2.99611e+09	 1.68801e+09	 1.68801e+09	 
  0.0118	 3.39121e+09	 1.6904e+09	 1.6904e+09	 2.95071e+09	 1.6904e+09	 1.6904e+09	 
   0.012	 3.29167e+09	 1.69147e+09	 1.69147e+09	 2.90372e+09	 1.69147e+09	 1.69147e+09	 
  0.0122	 3.19277e+09	 1.69126e+09	 1.69126e+09	 2.85529e+09	 1.69126e+09	 1.69126e+09	 
  0.0124	 3.0947e+09	 1.68982e+09	 1.68982e+09	 2.80562e+09	 1.68982e+09	 1.68982e+09	 
  0.0126	 2.99764e+09	 1.68718e+09	 1.68718e+09	 2.75484e+09	 1.68718e+09	 1.68718e+09	 
  0.0128	 2.90174e+09	 1.68338e+09	 1.68338e+09	 2.70311e+09	 1.68338e+09	 1.68338e+09	 
   0.013	 2.80716e+09	 1.67848e+09	 1.67848e+09	 2.65058e+09	 1.67848e+09	 1.67848e+09	 
  0.0132	 2.714e+09	 1.67252e+09	 1.67252e+09	 2.59739e+09	 1.67252e+09	 1.67252e+09	 
  0.0134	 2.62239e+09	 1.66553e+09	 1.66553e+09	 2.54366e+09	 1.66553e+09	 1.66553e+09	 
  0.0136	 2.53242e+09	 1.65757e+09	 1.65757e+09	 2.48952e+09	 1.65757e+09	 1.65757e+09	 
  0.0138	 2.44419e+09	 1.64867e+09	 1.64867e+09	 2.4351e+09	 1.64867e+09	 1.64867e+09	 
   0.014	 2.35775e+09	 1.63888e+09	 1.63888e+09	 2.38049e+09	 1.63888e+09	 1.63888e+09	 
  0.0142	 2.27318e+09	 1.62825e+09	 1.62825e+09	 2.32581e+09	 1.62825e+09	 1.62825e+09	 
  0.0144	 2.19052e+09	 1.61681e+09	 1.61681e+09	 2.27114e+09	 1.61681e+09	 1.61681e+09	 
  0.0146	 2.10983e+09	 1.60461e+09	 1.60461e+09	 2.21659e+09	 1.60461e+09	 1.60461e+09	 
  0.0148	 2.03112e+09	 1.59168e+09	 1.59168e+09	 2.16224e+09	 1.59168e+09	 1.59168e+09	 
   0.015	 1.95444e+09	 1.57808e+09	 1.57808e+09	 2.10817e+09	 1.57808e+09	 1.57808e+09	 
  0.0152	 1.87979e+09	 1.56383e+09	 1.56383e+09	 2.05445e+09	 1.56383e+09	 1.56383e+09	 
  0.0154	 1.80719e+09	 1.54898e+09	 1.54898e+09	 2.00114e+09	 1.54898e+09	 1.54898e+09	 
  0.0156	 1.73665e+09	 1.53357e+09	 1.53357e+09	 1.94832e+09	 1.53357e+09	 1.53357e+09	 
  0.0158	 1.66815e+09	 1.51763e+09	 1.51763e+09	 1.89604e+09	 1.51763e+09	 1.51763e+09	 
   0.016	 1.60169e+09	 1.5012e+09	 1.5012e+09	 1.84436e+09	 1.5012e+09	 1.5012e+09	 
  0.0162	 1.53727e+09	 1.48432e+09	 1.48432e+09	 1.79331e+09	 1.48432e+09	 1.48432e+09	 
  0.0164	 1.47485e+09	 1.46702e+09	 1.46702e+09	 1.74295e+09	 1.46702e+09	 1.46702e+09	 
  0.0166	 1.41444e+09	 1.44933e+09	 1.44933e+09	 1.69331e+09	 1.44933e+09	 1.44933e+09	 
  0.0168	 1.35599e+09	 1.43129e+09	 1.43129e+09	 1.64443e+09	 1.43129e+09	 1.43129e+09	 
   0.017	 1.29948e+09	 1.41293e+09	 1.41293e+09	 1.59635e+09	 1.41293e+09	 1.41293e+09	 
  0.0172	 1.24488e+09	 1.39428e+09	 1.39428e+09	 1.54908e+09	 1.39428e+09	 1.39428e+09	 
  0.0174	 1.19217e+09	 1.37537e+09	 1.37537e+09	 1.50265e+09	 1.37537e+09	 1.37537e+09	 
  0.0176	 1.1413e+09	 1.35622e+09	 1.35622e+09	 1.45709e+09	 1.35622e+09	 1.35622e+09	 
  0.0178	 1.09224e+09	 1.33687e+09	 1.33687e+09	 1.41241e+09	 1.33687e+09	 1.33687e+09	 
   0.018	 1.04495e+09	 1.31735e+09	 1.31735e+09	 1.36863e+09	 1.31735e+09	 1.31735e+09	 
  0.0182	 9.99384e+08	 1.29767e+09	 1.29767e+09	 1.32575e+09	 1.29767e+09	 1.29767e+09	 
  0.0184	 9.55513e+08	 1.27787e+09	 1.27787e+09	 1.2838e+09	 1.27787e+09	 1.27787e+09	 
  0.0186	 9.13291e+08	 1.25797e+09	 1.25797e+09	 1.24277e+09	 1.25797e+09	 1.25797e+09	 
  0.0188	 8.72675e+08	 1.23798e+09	 1.23798e+09	 1.20267e+09	 1.23798e+09	 1.23798e+09	 
   0.019	 8.33623e+08	 1.21794e+09	 1.21794e+09	 1.1635e+09	 1.21794e+09	 1.21794e+09	 
  0.0192	 7.96092e+08	 1.19786e+09	 1.19786e+09	 1.12527e+09	 1.19786e+09	 1.19786e+09	 
  0.0194	 7.60039e+08	 1.17776e+09	 1.17776e+09	 1.08797e+09	 1.17776e+09	 1.17776e+09	 
  0.0196	 7.2542e+08	 1.15766e+09	 1.15766e+09	 1.0516e+09	 1.15766e+09	 1.15766e+09	 
  0.0198	 6.92194e+08	 1.13759e+09	 1.13759e+09	 1.01615e+09	 1.13759e+09	 1.13759e+09	 
    0.02	 6.60316e+08	 1.11755e+09	 1.11755e+09	 9.81626e+08	 1.11755e+09	 1.11755e+09	 
  0.0202	 6.29744e+08	 1.09757e+09	 1.09757e+09	 9.48015e+08	 1.09757e+09	 1.09757e+09	 
  0.0204	 6.00437e+08	 1.07765e+09	 1.07765e+09	 9.15309e+08	 1.07765e+09	 1.07765e+09	 
  0.0206	 5.72352e+08	 1.05782e+09	 1.05782e+09	 8.83498e+08	 1.05782e+09	 1.05782e+09	 
  0.0208	 5.45449e+08	 1.03809e+09	 1.03809e+09	 8.52573e+08	 1.03809e+09	 1.03809e+09	 
   0.021	 5.19686e+08	 1.01847e+09	 1.01847e+09	 8.22522e+08	 1.01847e+09	 1.01847e+09	 
  0.0212	 4.95026e+08	 9.98974e+08	 9.98974e+08	 7.93333e+08	 9.98974e+08	 9.98974e+08	 
  0.0214	 4.71427e+08	 9.79613e+08	 9.79613e+08	 7.64994e+08	 9.79613e+08	 9.79613e+08	 
  0.0216	 4.48853e+08	 9.60399e+08	 9.60399e+08	 7.3749e+08	 9.60399e+08	 9.60399e+08	 
  0.0218	 4.27266e+08	 9.41342e+08	 9.41342e+08	 7.10808e+08	 9.41342e+08	 9.41342e+08	 
   0.022	 4.06629e+08	 9.22452e+08	 9.22452e+08	 6.84933e+08	 9.22452e+08	 9.22452e+08	 
  0.0222	 3.86907e+08	 9.03738e+08	 9.03738e+08	 6.59851e+08	 9.03738e+08	 9.03738e+08	 
  0.0224	 3.68065e+08	 8.85207e+08	 8.85207e+08	 6.35546e+08	 8.85207e+08	 8.85207e+08	 
  0.0226	 3.50068e+08	 8.66868e+08	 8.66868e+08	 6.12002e+08	 8.66868e+08	 8.66868e+08	 
  0.0228	 3.32885e+08	 8.48728e+08	 8.48728e+08	 5.89205e+08	 8.48728e+08	 8.48728e+08	 
   0.023	 3.16482e+08	 8.30793e+08	 8.30793e+08	 5.67137e+08	 8.30793e+08	 8.30793e+08	 
  0.0232	 3.00829e+08	 8.1307e+08	 8.1307e+08	 5.45782e+08	 8.1307e+08	 8.1307e+08	 
  0.0234	 2.85896e+08	 7.95563e+08	 7.95563e+08	 5.25125e+08	 7.95563e+08	 7.95563e+08	 
  0.0236	 2.71653e+08	 7.78279e+08	 7.78279e+08	 5.05148e+08	 7.78279e+08	 7.78279e+08	 
  0.0238	 2.58072e+08	 7.61222e+08	 7.61222e+08	 4.85836e+08	 7.61222e+08	 7.61222e+08	 
   0.024	 2.45126e+08	 7.44395e+08	 7.44395e+08	 4.67171e+08	 7.44395e+08	 7.44395e+08	 
  0.0242	 2.32787e+08	 7.27802e+08	 7.27802e+08	 4.49138e+08	 7.27802e+08	 7.27802e+08	 
  0.0244	 2.21031e+08	 7.11447e+08	 7.11447e+08	 4.31721e+08	 7.11447e+08	 7.11447e+08	 
  0.0246	 2.09832e+08	 6.95332e+08	 6.95332e+08	 4.14902e+08	 6.95332e+08	 6.95332e+08	 
  0.0248	 1.99167e+08	 6.7946e+08	 6.7946e+08	 3.98667e+08	 6.7946e+08	 6.7946e+08	 
   0.025	 1.89013e+08	 6.63832e+08	 6.63832e+08	 3.82998e+08	 6.63832e+08	 6.63832e+08	 
  0.0252	 1.79346e+08	 6.48451e+08	 6.48451e+08	 3.67881e+08	 6.48451e+08	 6.48451e+08	 
  0.0254	 1.70147e+08	 6.33318e+08	 6.33318e+08	 3.533e+08	 6.33318e+08	 6.33318e+08	 
  0.0256	 1.61393e+08	 6.18433e+08	 6.18433e+08	 3.39239e+08	 6.18433e+08	 6.18433e+08	 
  0.0258	 1.53066e+08	 6.03798e+08	 6.03798e+08	 3.25683e+08	 6.03798e+08	 6.03798e+08	 
   0.026	 1.45146e+08	 5.89412e+08	 5.89412e+08	 3.12617e+08	 5.89412e+08	 5.89412e+08	 
  0.0262	 1.37615e+08	 5.75277e+08	 5.75277e+08	 3.00027e+08	 5.75277e+08	 5.75277e+08	 
  0.0264	 1.30456e+08	 5.61391e+08	 5.61391e+08	 2.87897e+08	 5.61391e+08	 5.61391e+08	 
  0.0266	 1.2365e+08	 5.47755e+08	 5.47755e+08	 2.76215e+08	 5.47755e+08	 5.47755e+08	 
  0.0268	 1.17183e+08	 5.34368e+08	 5.34368e+08	 2.64966e+08	 5.34368e+08	 5.34368e+08	 
   0.027	 1.11038e+08	 5.21229e+08	 5.21229e+08	 2.54136e+08	 5.21229e+08	 5.21229e+08	 
  0.0272	 1.052e+08	 5.08337e+08	 5.08337e+08	 2.43712e+08	 5.08337e+08	 5.08337e+08	 
  0.0274	 9.96553e+07	 4.95691e+08	 4.95691e+08	 2.33681e+08	 4.95691e+08	 4.95691e+08	 
  0.0276	 9.43901e+07	 4.83289e+08	 4.83289e+08	 2.24031e+08	 4.83289e+08	 4.83289e+08	 
  0.0278	 8.93909e+07	 4.71131e+08	 4.71131e+08	 2.14747e+08	 4.71131e+08	 4.71131e+08	 
   0.028	 8.46453e+07	 4.59213e+08	 4.59213e+08	 2.0582e+08	 4.59213e+08	 4.59213e+08	 
  0.0282	 8.01411e+07	 4.47535e+08	 4.47535e+08	 1.97236e+08	 4.47535e+08	 4.47535e+08	 
  0.0284	 7.58668e+07	 4.36094e+08	 4.36094e+08	 1.88984e+08	 4.36094e+08	 4.36094e+08	 
  0.0286	 7.18113e+07	 4.24887e+08	 4.24887e+08	 1.81052e+08	 4.24887e+08	 4.24887e+08	 
  0.0288	 6.79641e+07	 4.13914e+08	 4.13914e+08	 1.73431e+08	 4.13914e+08	 4.13914e+08	 
   0.029	 6.4315e+07	 4.03172e+08	 4.03172e+08	 1.66108e+08	 4.03172e+08	 4.03172e+08	 
  0.0292	 6.08544e+07	 3.92657e+08	 3.92657e+08	 1.59073e+08	 3.92657e+08	 3.92657e+08	 
  0.0294	 5.7573e+07	 3.82367e+08	 3.82367e+08	 1.52317e+08	 3.82367e+08	 3.82367e+08	 
  0.0296	 5.44621e+07	 3.72301e+08	 3.72301e+08	 1.45829e+08	 3.72301e+08	 3.72301e+08	 
  0.0298	 5.15133e+07	 3.62454e+08	 3.62454e+08	 1.39601e+08	 3.62454e+08	 3.62454e+08	 
    0.03	 4.87185e+07	 3.52824e+08	 3.52824e+08	 1.33621e+08	 3.52824e+08	 3.52824e+08	 
  0.0302	 4.60701e+07	 3.43409e+08	 3.43409e+08	 1.27883e+08	 3.43409e+08	 3.43409e+08	 
  0.0304	 4.35607e+07	 3.34205e+08	 3.34205e+08	 1.22376e+08	 3.34205e+08	 3.34205e+08	 
  0.0306	 4.11835e+07	 3.25209e+08	 3.25209e+08	 1.17092e+08	 3.25209e+08	 3.25209e+08	 
  0.0308	 3.89317e+07	 3.16418e+08	 3.16418e+08	 1.12023e+08	 3.16418e+08	 3.16418e+08	 
   0.031	 3.6799e+07	 3.0783e+08	 3.0783e+08	 1.07162e+08	 3.0783e+08	 3.0783e+08	 
  0.0312	 3.47794e+07	 2.99441e+08	 2.99441e+08	 1.02499e+08	 2.99441e+08	 2.99441e+08	 
  0.0314	 3.28673e+07	 2.91248e+08	 2.91248e+08	 9.80289e+07	 2.91248e+08	 2.91248e+08	 
  0.0316	 3.1057e+07	 2.83248e+08	 2.83248e+08	 9.3743e+07	 2.83248e+08	 2.83248e+08	 
  0.0318	 2.93434e+07	 2.75438e+08	 2.75438e+08	 8.96346e+07	 2.75438e+08	 2.75438e+08	 
   0.032	 2.77215e+07	 2.67814e+08	 2.67814e+08	 8.56969e+07	 2.67814e+08	 2.67814e+08	 
  0.0322	 2.61866e+07	 2.60373e+08	 2.60373e+08	 8.19235e+07	 2.60373e+08	 2.60373e+08	 
  0.0324	 2.47343e+07	 2.53113e+08	 2.53113e+08	 7.83079e+07	 2.53113e+08	 2.53113e+08	 
  0.0326	 2.33603e+07	 2.46029e+08	 2.46029e+08	 7.48441e+07	 2.46029e+08	 2.46029e+08	 
  0.0328	 2.20604e+07	 2.39119e+08	 2.39119e+08	 7.15261e+07	 2.39119e+08	 2.39119e+08	 
   0.033	 2.08309e+07	 2.3238e+08	 2.3238e+08	 6.83483e+07	 2.3238e+08	 2.3238e+08	 
  0.0332	 1.9668e+07	 2.25808e+08	 2.25808e+08	 6.53051e+07	 2.25808e+08	 2.25808e+08	 
  0.0334	 1.85684e+07	 2.194e+08	 2.194e+08	 6.23912e+07	 2.194e+08	 2.194e+08	 
  0.0336	 1.75286e+07	 2.13153e+08	 2.13153e+08	 5.96014e+07	 2.13153e+08	 2.13153e+08	 
  0.0338	 1.65455e+07	 2.07064e+08	 2.07064e+08	 5.69308e+07	 2.07064e+08	 2.07064e+08	 
   0.034	 1.56161e+07	 2.0113e+08	 2.0113e+08	 5.43747e+07	 2.0113e+08	 2.0113e+08	 
  0.0342	 1.47377e+07	 1.95348e+08	 1.95348e+08	 5.19285e+07	 1.95348e+08	 1.95348e+08	 
  0.0344	 1.39074e+07	 1.89714e+08	 1.89714e+08	 4.95876e+07	 1.89714e+08	 1.89714e+08	 
  0.0346	 1.31228e+07	 1.84225e+08	 1.84225e+08	 4.73479e+07	 1.84225e+08	 1.84225e+08	 
  0.0348	 1.23814e+07	 1.7888e+08	 1.7888e+08	 4.52052e+07	 1.7888e+08	 1.7888e+08	 
   0.035	 1.16808e+07	 1.73673e+08	 1.73673e+08	 4.31556e+07	 1.73673e+08	 1.73673e+08	 
  0.0352	 1.1019e+07	 1.68603e+08	 1.68603e+08	 4.11952e+07	 1.68603e+08	 1.68603e+08	 
  0.0354	 1.03938e+07	 1.63667e+08	 1.63667e+08	 3.93204e+07	 1.63667e+08	 1.63667e+08	 
  0.0356	 9.80334e+06	 1.58861e+08	 1.58861e+08	 3.75276e+07	 1.58861e+08	 1.58861e+08	 
  0.0358	 9.24563e+06	 1.54184e+08	 1.54184e+08	 3.58135e+07	 1.54184e+08	 1.54184e+08	 
   0.036	 8.71894e+06	 1.49631e+08	 1.49631e+08	 3.41747e+07	 1.49631e+08	 1.49631e+08	 
  0.0362	 8.22161e+06	 1.45201e+08	 1.45201e+08	 3.26082e+07	 1.45201e+08	 1.45201e+08	 
  0.0364	 7.75204e+06	 1.4089e+08	 1.4089e+08	 3.11109e+07	 1.4089e+08	 1.4089e+08	 
  0.0366	 7.30872e+06	 1.36695e+08	 1.36695e+08	 2.96799e+07	 1.36695e+08	 1.36695e+08	 
  0.0368	 6.89022e+06	 1.32615e+08	 1.32615e+08	 2.83124e+07	 1.32615e+08	 1.32615e+08	 
   0.037	 6.4952e+06	 1.28646e+08	 1.28646e+08	 2.70057e+07	 1.28646e+08	 1.28646e+08	 
  0.0372	 6.12236e+06	 1.24786e+08	 1.24786e+08	 2.57572e+07	 1.24786e+08	 1.24786e+08	 
  0.0374	 5.7705e+06	 1.21033e+08	 1.21033e+08	 2.45645e+07	 1.21033e+08	 1.21033e+08	 
  0.0376	 5.43846e+06	 1.17383e+08	 1.17383e+08	 2.34253e+07	 1.17383e+08	 1.17383e+08	 
  0.0378	 5.12515e+06	 1.13834e+08	 1.13834e+08	 2.23371e+07	 1.13834e+08	 1.13834e+08	 
   0.038	 4.82954e+06	 1.10385e+08	 1.10385e+08	 2.12978e+07	 1.10385e+08	 1.10385e+08	 
  0.0382	 4.55066e+06	 1.07032e+08	 1.07032e+08	 2.03054e+07	 1.07032e+08	 1.07032e+08	 
  0.0384	 4.28759e+06	 1.03772e+08	 1.03772e+08	 1.93577e+07	 1.03772e+08	 1.03772e+08	 
  0.0386	 4.03944e+06	 1.00605e+08	 1.00605e+08	 1.84529e+07	 1.00605e+08	 1.00605e+08	 
  0.0388	 3.80539e+06	 9.75273e+07	 9.75273e+07	 1.75891e+07	 9.75273e+07	 9.75273e+07	 
   0.039	 3.58465e+06	 9.45368e+07	 9.45368e+07	 1.67645e+07	 9.45368e+07	 9.45368e+07	 
  0.0392	 3.37649e+06	 9.16315e+07	 9.16315e+07	 1.59774e+07	 9.16315e+07	 9.16315e+07	 
  0.0394	 3.18021e+06	 8.88092e+07	 8.88092e+07	 1.52262e+07	 8.88092e+07	 8.88092e+07	 
  0.0396	 2.99514e+06	 8.60677e+07	 8.60677e+07	 1.45093e+07	 8.60677e+07	 8.60677e+07	 
  0.0398	 2.82065e+06	 8.34051e+07	 8.34051e+07	 1.38252e+07	 8.34051e+07	 8.34051e+07	 
    0.04	 2.65616e+06	 8.08193e+07	 8.08193e+07	 1.31724e+07	 8.08193e+07	 8.08193e+07	 
  0.0402	 2.5011e+06	 7.83083e+07	 7.83083e+07	 1.25496e+07	 7.83083e+07	 7.83083e+07	 
  0.0404	 2.35494e+06	 7.58702e+07	 7.58702e+07	 1.19554e+07	 7.58702e+07	 7.58702e+07	 
  0.0406	 2.21718e+06	 7.35032e+07	 7.35032e+07	 1.13886e+07	 7.35032e+07	 7.35032e+07	 
  0.0408	 2.08735e+06	 7.12052e+07	 7.12052e+07	 1.08479e+07	 7.12052e+07	 7.12052e+07	 
   0.041	 1.96501e+06	 6.89746e+07	 6.89746e+07	 1.03322e+07	 6.89746e+07	 6.89746e+07	 
  0.0412	 1.84972e+06	 6.68096e+07	 6.68096e+07	 9.84042e+06	 6.68096e+07	 6.68096e+07	 
  0.0414	 1.74109e+06	 6.47083e+07	 6.47083e+07	 9.37142e+06	 6.47083e+07	 6.47083e+07	 
  0.0416	 1.63874e+06	 6.26692e+07	 6.26692e+07	 8.92421e+06	 6.26692e+07	 6.26692e+07	 
  0.0418	 1.54231e+06	 6.06905e+07	 6.06905e+07	 8.49779e+06	 6.06905e+07	 6.06905e+07	 
   0.042	 1.45148e+06	 5.87706e+07	 5.87706e+07	 8.09125e+06	 5.87706e+07	 5.87706e+07	 
  0.0422	 1.36591e+06	 5.69079e+07	 5.69079e+07	 7.70367e+06	 5.69079e+07	 5.69079e+07	 
  0.0424	 1.28532e+06	 5.51009e+07	 5.51009e+07	 7.33421e+06	 5.51009e+07	 5.51009e+07	 
  0.0426	 1.20941e+06	 5.3348e+07	 5.3348e+07	 6.98204e+06	 5.3348e+07	 5.3348e+07	 
  0.0428	 1.13792e+06	 5.16478e+07	 5.16478e+07	 6.64638e+06	 5.16478e+07	 5.16478e+07	 
   0.043	 1.07059e+06	 4.99988e+07	 4.99988e+07	 6.32648e+06	 4.99988e+07	 4.99988e+07	 
  0.0432	 1.00719e+06	 4.83996e+07	 4.83996e+07	 6.02162e+06	 4.83996e+07	 4.83996e+07	 
  0.0434	   947498	 4.68488e+07	 4.68488e+07	 5.73112e+06	 4.68488e+07	 4.68488e+07	 
  0.0436	   891292	 4.53451e+07	 4.53451e+07	 5.45431e+06	 4.53451e+07	 4.53451e+07	 
  0.0438	   838376	 4.38871e+07	 4.38871e+07	 5.19057e+06	 4.38871e+07	 4.38871e+07	 
   0.044	   788558	 4.24736e+07	 4.24736e+07	 4.9393e+06	 4.24736e+07	 4.24736e+07	 
  0.0442	   741661	 4.11033e+07	 4.11033e+07	 4.69993e+06	 4.11033e+07	 4.11033e+07	 
  0.0444	   697517	 3.9775e+07	 3.9775e+07	 4.47191e+06	 3.9775e+07	 3.9775e+07	 
  0.0446	   655966	 3.84875e+07	 3.84875e+07	 4.25472e+06	 3.84875e+07	 3.84875e+07	 
  0.0448	   616858	 3.72396e+07	 3.72396e+07	 4.04785e+06	 3.72396e+07	 3.72396e+07	 
   0.045	   580053	 3.60303e+07	 3.60303e+07	 3.85083e+06	 3.60303e+07	 3.60303e+07	 
  0.0452	   545415	 3.48583e+07	 3.48583e+07	 3.6632e+06	 3.48583e+07	 3.48583e+07	 
  0.0454	   512820	 3.37227e+07	 3.37227e+07	 3.48452e+06	 3.37227e+07	 3.37227e+07	 
  0.0456	   482149	 3.26223e+07	 3.26223e+07	 3.31439e+06	 3.26223e+07	 3.26223e+07	 
  0.0458	   453290	 3.15562e+07	 3.15562e+07	 3.15239e+06	 3.15562e+07	 3.15562e+07	 
   0.046	   426138	 3.05233e+07	 3.05233e+07	 2.99816e+06	 3.05233e+07	 3.05233e+07	 
  0.0462	   400592	 2.95227e+07	 2.95227e+07	 2.85132e+06	 2.95227e+07	 2.95227e+07	 
  0.0464	   376560	 2.85535e+07	 2.85535e+07	 2.71154e+06	 2.85535e+07	 2.85535e+07	 
  0.0466	   353953	 2.76147e+07	 2.76147e+07	 2.57848e+06	 2.76147e+07	 2.76147e+07	 
  0.0468	   332687	 2.67054e+07	 2.67054e+07	 2.45182e+06	 2.67054e+07	 2.67054e+07	 
   0.047	   312684	 2.58248e+07	 2.58248e+07	 2.33127e+06	 2.58248e+07	 2.58248e+07	 
  0.0472	   293870	 2.4972e+07	 2.4972e+07	 2.21654e+06	 2.4972e+07	 2.4972e+07	 
  0.0474	   276176	 2.41461e+07	 2.41461e+07	 2.10735e+06	 2.41461e+07	 2.41461e+07	 
  0.0476	   259535	 2.33465e+07	 2.33465e+07	 2.00344e+06	 2.33465e+07	 2.33465e+07	 
  0.0478	   243885	 2.25722e+07	 2.25722e+07	 1.90456e+06	 2.25722e+07	 2.25722e+07	 
   0.048	   229169	 2.18226e+07	 2.18226e+07	 1.81047e+06	 2.18226e+07	 2.18226e+07	 
  0.0482	   215331	 2.10968e+07	 2.10968e+07	 1.72096e+06	 2.10968e+07	 2.10968e+07	 
  0.0484	   202320	 2.03943e+07	 2.03943e+07	 1.63579e+06	 2.03943e+07	 2.03943e+07	 
  0.0486	   190087	 1.97142e+07	 1.97142e+07	 1.55476e+06	 1.97142e+07	 1.97142e+07	 
  0.0488	   178586	 1.9056e+07	 1.9056e+07	 1.47768e+06	 1.9056e+07	 1.9056e+07	 
   0.049	   167773	 1.84188e+07	 1.84188e+07	 1.40435e+06	 1.84188e+07	 1.84188e+07	 
  0.0492	   157608	 1.78022e+07	 1.78022e+07	 1.3346e+06	 1.78022e+07	 1.78022e+07	 
  0.0494	   148053	 1.72054e+07	 1.72054e+07	 1.26826e+06	 1.72054e+07	 1.72054e+07	 
  0.0496	   139071	 1.66279e+07	 1.66279e+07	 1.20516e+06	 1.66279e+07	 1.66279e+07	 
  0.0498	   130629	 1.60691e+07	 1.60691e+07	 1.14515e+06	 1.60691e+07	 1.60691e+07	 
    0.05	   122694	 1.55283e+07	 1.55283e+07	 1.08808e+06	 1.55283e+07	 1.55283e+07	 
  0.0502	   115237	 1.50051e+07	 1.50051e+07	 1.03381e+06	 1.50051e+07	 1.50051e+07	 
  0.0504	   108228	 1.44989e+07	 1.44989e+07	   982208	 1.44989e+07	 1.44989e+07	 
  0.0506	   101641	 1.40092e+07	 1.40092e+07	   933137	 1.40092e+07	 1.40092e+07	 
  0.0508	  95451.5	 1.35355e+07	 1.35355e+07	   886480	 1.35355e+07	 1.35355e+07	 
   0.051	  89635.3	 1.30772e+07	 1.30772e+07	   842120	 1.30772e+07	 1.30772e+07	 
  0.0512	  84170.2	 1.26339e+07	 1.26339e+07	   799946	 1.26339e+07	 1.26339e+07	 
  0.0514	  79035.1	 1.22051e+07	 1.22051e+07	   759853	 1.22051e+07	 1.22051e+07	 
  0.0516	  74210.5	 1.17904e+07	 1.17904e+07	   721739	 1.17904e+07	 1.17904e+07	 
  0.0518	  69677.7	 1.13893e+07	 1.13893e+07	   685508	 1.13893e+07	 1.13893e+07	 
   0.052	  65419.2	 1.10014e+07	 1.10014e+07	   651070	 1.10014e+07	 1.10014e+07	 
  0.0522	  61418.7	 1.06263e+07	 1.06263e+07	   618337	 1.06263e+07	 1.06263e+07	 
  0.0524	  57660.7	 1.02636e+07	 1.02636e+07	   587226	 1.02636e+07	 1.02636e+07	 
  0.0526	  54130.5	 9.91286e+06	 9.91286e+06	   557658	 9.91286e+06	 9.91286e+06	 
  0.0528	  50814.6	 9.57373e+06	 9.57373e+06	   529558	 9.57373e+06	 9.57373e+06	 
   0.053	  47700.1	 9.24584e+06	 9.24584e+06	   502854	 9.24584e+06	 9.24584e+06	 
  0.0532	  44774.8	 8.92883e+06	 8.92883e+06	   477477	 8.92883e+06	 8.92883e+06	 
  0.0534	  42027.4	 8.62236e+06	 8.62236e+06	   453364	 8.62236e+06	 8.62236e+06	 
  0.0536	  39447.2	 8.3261e+06	 8.3261e+06	   430453	 8.3261e+06	 8.3261e+06	 
  0.0538	    37024	 8.0397e+06	 8.0397e+06	   408683	 8.0397e+06	 8.0397e+06	 
   0.054	  34748.5	 7.76287e+06	 7.76287e+06	   388000	 7.76287e+06	 7.76287e+06	 
  0.0542	  32611.6	 7.49529e+06	 7.49529e+06	   368349	 7.49529e+06	 7.49529e+06	 
  0.0544	  30605.1	 7.23666e+06	 7.23666e+06	   349681	 7.23666e+06	 7.23666e+06	 
  0.0546	  28721.1	 6.9867e+06	 6.9867e+06	   331947	 6.9867e+06	 6.9867e+06	 
  0.0548	  26952.1	 6.74513e+06	 6.74513e+06	   315100	 6.74513e+06	 6.74513e+06	 
   0.055	  25291.2	 6.51167e+06	 6.51167e+06	   299098	 6.51167e+06	 6.51167e+06	 
  0.0552	  23731.9	 6.28607e+06	 6.28607e+06	   283898	 6.28607e+06	 6.28607e+06	 
  0.0554	  22267.9	 6.06807e+06	 6.06807e+06	   269461	 6.06807e+06	 6.06807e+06	 
  0.0556	  20893.5	 5.85741e+06	 5.85741e+06	   255748	 5.85741e+06	 5.85741e+06	 
  0.0558	  19603.4	 5.65388e+06	 5.65388e+06	   242725	 5.65388e+06	 5.65388e+06	 
   0.056	  18392.2	 5.45722e+06	 5.45722e+06	   230357	 5.45722e+06	 5.45722e+06	 
  0.0562	  17255.4	 5.26722e+06	 5.26722e+06	   218612	 5.26722e+06	 5.26722e+06	 
  0.0564	  16188.3	 5.08366e+06	 5.08366e+06	   207458	 5.08366e+06	 5.08366e+06	 
  0.0566	  15186.7	 4.90633e+06	 4.90633e+06	   196867	 4.90633e+06	 4.90633e+06	 
  0.0568	  14246.6	 4.73503e+06	 4.73503e+06	   186809	 4.73503e+06	 4.73503e+06	 
   0.057	  13364.2	 4.56955e+06	 4.56955e+06	   177260	 4.56955e+06	 4.56955e+06	 
  0.0572	  12536.2	 4.40971e+06	 4.40971e+06	   168193	 4.40971e+06	 4.40971e+06	 
  0.0574	    11759	 4.25531e+06	 4.25531e+06	   159585	 4.25531e+06	 4.25531e+06	 
  0.0576	  11029.7	 4.10619e+06	 4.10619e+06	   151412	 4.10619e+06	 4.10619e+06	 
  0.0578	  10345.3	 3.96216e+06	 3.96216e+06	   143653	 3.96216e+06	 3.96216e+06	 
   0.058	  9703.09	 3.82306e+06	 3.82306e+06	   136287	 3.82306e+06	 3.82306e+06	 
  0.0582	  9100.46	 3.68872e+06	 3.68872e+06	   129294	 3.68872e+06	 3.68872e+06	 
  0.0584	  8534.99	 3.55899e+06	 3.55899e+06	   122657	 3.55899e+06	 3.55899e+06	 
  0.0586	  8004.42	 3.43371e+06	 3.43371e+06	   116356	 3.43371e+06	 3.43371e+06	 
  0.0588	  7506.61	 3.31274e+06	 3.31274e+06	   110375	 3.31274e+06	 3.31274e+06	 
   0.059	  7039.54	 3.19593e+06	 3.19593e+06	   104699	 3.19593e+06	 3.19593e+06	 
  0.0592	  6601.35	 3.08314e+06	 3.08314e+06	  99311.4	 3.08314e+06	 3.08314e+06	 
  0.0594	  6190.25	 2.97424e+06	 2.97424e+06	  94198.1	 2.97424e+06	 2.97424e+06	 
  0.0596	  5804.58	 2.86909e+06	 2.86909e+06	  89345.2	 2.86909e+06	 2.86909e+06	 
  0.0598	  5442.78	 2.76758e+06	 2.76758e+06	  84739.8	 2.76758e+06	 2.76758e+06	 
    0.06	  5103.39	 2.66958e+06	 2.66958e+06	  80369.2	 2.66958e+06	 2.66958e+06	 
  0.0602	  4785.02	 2.57497e+06	 2.57497e+06	  76221.8	 2.57497e+06	 2.57497e+06	 
  0.0604	  4486.39	 2.48364e+06	 2.48364e+06	  72286.2	 2.48364e+06	 2.48364e+06	 
  0.0606	  4206.27	 2.39548e+06	 2.39548e+06	  68551.8	 2.39548e+06	 2.39548e+06	 
  0.0608	  3943.54	 2.31038e+06	 2.31038e+06	  65008.3	 2.31038e+06	 2.31038e+06	 
   0.061	  3697.11	 2.22823e+06	 2.22823e+06	  61646.2	 2.22823e+06	 2.22823e+06	 
  0.0612	  3465.99	 2.14895e+06	 2.14895e+06	  58456.3	 2.14895e+06	 2.14895e+06	 
  0.0614	  3249.22	 2.07242e+06	 2.07242e+06	  55429.8	 2.07242e+06	 2.07242e+06	 
  0.0616	  3045.93	 1.99856e+06	 1.99856e+06	  52558.4	 1.99856e+06	 1.99856e+06	 
  0.0618	  2855.28	 1.92728e+06	 1.92728e+06	  49834.4	 1.92728e+06	 1.92728e+06	 
   0.062	   2676.5	 1.85849e+06	 1.85849e+06	  47250.2	 1.85849e+06	 1.85849e+06	 
  0.0622	  2508.84	 1.7921e+06	 1.7921e+06	  44798.7	 1.7921e+06	 1.7921e+06	 
  0.0624	  2351.62	 1.72804e+06	 1.72804e+06	  42473.2	 1.72804e+06	 1.72804e+06	 
  0.0626	  2204.19	 1.66622e+06	 1.66622e+06	  40267.3	 1.66622e+06	 1.66622e+06	 
  0.0628	  2065.95	 1.60656e+06	 1.60656e+06	  38174.9	 1.60656e+06	 1.60656e+06	 
   0.063	  1936.33	 1.549e+06	 1.549e+06	  36190.2	 1.549e+06	 1.549e+06	 
  0.0632	   1814.8	 1.49346e+06	 1.49346e+06	  34307.7	 1.49346e+06	 1.49346e+06	 
  0.0634	  1700.85	 1.43987e+06	 1.43987e+06	  32522.3	 1.43987e+06	 1.43987e+06	 
  0.0636	  1594.02	 1.38817e+06	 1.38817e+06	  30828.9	 1.38817e+06	 1.38817e+06	 
  0.0638	  1493.86	 1.33829e+06	 1.33829e+06	  29222.9	 1.33829e+06	 1.33829e+06	 
   0.064	  1399.95	 1.29016e+06	 1.29016e+06	  27699.9	 1.29016e+06	 1.29016e+06	 
  0.0642	  1311.92	 1.24374e+06	 1.24374e+06	  26255.5	 1.24374e+06	 1.24374e+06	 
  0.0644	  1229.39	 1.19895e+06	 1.19895e+06	  24885.8	 1.19895e+06	 1.19895e+06	 
  0.0646	  1152.02	 1.15574e+06	 1.15574e+06	  23586.9	 1.15574e+06	 1.15574e+06	 
  0.0648	   1079.5	 1.11407e+06	 1.11407e+06	  22355.2	 1.11407e+06	 1.11407e+06	 
   0.065	  1011.52	 1.07387e+06	 1.07387e+06	  21187.3	 1.07387e+06	 1.07387e+06	 
  0.0652	  947.794	 1.03509e+06	 1.03509e+06	  20079.8	 1.03509e+06	 1.03509e+06	 
  0.0654	  888.063	   997683	   997683	  19029.8	   997683	   997683	 
  0.0656	  832.076	   961607	   961607	  18034.2	   961607	   961607	 
  0.0658	    779.6	   926812	   926812	  17090.3	   926812	   926812	 
   0.066	  730.416	   893253	   893253	  16195.3	   893253	   893253	 
  0.0662	  684.319	   860888	   860888	  15346.9	   860888	   860888	 
  0.0664	  641.116	   829675	   829675	  14542.5	   829675	   829675	 
  0.0666	  600.627	   799574	   799574	  13779.9	   799574	   799574	 
  0.0668	  562.682	   770545	   770545	  13057.1	   770545	   770545	 
   0.067	  527.121	   742553	   742553	  12371.8	   742553	   742553	 
  0.0672	  493.797	   715560	   715560	  11722.2	   715560	   715560	 
  0.0674	  462.569	   689532	   689532	  11106.4	   689532	   689532	 
  0.0676	  433.306	   664435	   664435	  10522.8	   664435	   664435	 
  0.0678	  405.886	   640236	   640236	  9969.53	   640236	   640236	 
   0.068	  380.192	   616903	   616903	  9445.15	   616903	   616903	 
  0.0682	  356.116	   594407	   594407	  8948.15	   594407	   594407	 
  0.0684	  333.558	   572718	   572718	   8477.1	   572718	   572718	 
  0.0686	  312.422	   551807	   551807	  8030.66	   551807	   551807	 
  0.0688	  292.619	   531648	   531648	  7607.55	   531648	   531648	 
   0.069	  274.065	   512213	   512213	  7206.57	   512213	   512213	 
  0.0692	  256.682	   493478	   493478	  6826.57	   493478	   493478	 
  0.0694	  240.396	   475417	   475417	  6466.45	   475417	   475417	 
  0.0696	  225.139	   458006	   458006	   6125.2	   458006	   458006	 
  0.0698	  210.846	   441223	   441223	  5801.82	   441223	   441223	 
    0.07	  197.456	   425046	   425046	  5495.39	   425046	   425046	 
  0.0702	  184.912	   409453	   409453	  5205.03	   409453	   409453	 
  0.0704	  173.162	   394423	   394423	   4929.9	   394423	   394423	 
  0.0706	  162.155	   379936	   379936	  4669.21	   379936	   379936	 
  0.0708	  151.844	   365974	   365974	  4422.21	   365974	   365974	 
   0.071	  142.186	   352517	   352517	  4188.18	   352517	   352517	 
  0.0712	   133.14	   339547	   339547	  3966.45	   339547	   339547	 
  0.0714	  124.667	   327048	   327048	  3756.38	   327048	   327048	 
  0.0716	  116.731	   315002	   315002	  3557.36	   315002	   315002	 
  0.0718	  109.297	   303393	   303393	  3368.81	   303393	   303393	 
   0.072	  102.335	   292206	   292206	  3190.19	   292206	   292206	 
  0.0722	  95.8148	   281425	   281425	  3020.97	   281425	   281425	 
  0.0724	  89.7081	   271037	   271037	  2860.67	   271037	   271037	 
  0.0726	  83.9889	   261026	   261026	  2708.82	   261026	   261026	 
  0.0728	  78.6328	   251380	   251380	  2564.97	   251380	   251380	 
   0.073	  73.6169	   242086	   242086	  2428.72	   242086	   242086	 
  0.0732	  68.9195	   233130	   233130	  2299.65	   233130	   233130	 
  0.0734	  64.5207	   224502	   224502	   2177.4	   224502	   224502	 
  0.0736	  60.4015	   216188	   216188	  2061.61	   216188	   216188	 
  0.0738	  56.5442	   208178	   208178	  1951.93	   208178	   208178	 
   0.074	  52.9322	   200460	   200460	  1848.06	   200460	   200460	 
  0.0742	    49.55	   193025	   193025	  1749.67	   193025	   193025	 
  0.0744	  46.3831	   185862	   185862	  1656.49	   185862	   185862	 
  0.0746	  43.4178	   178961	   178961	  1568.24	   178961	   178961	 
  0.0748	  40.6413	   172314	   172314	  1484.67	   172314	   172314	 
   0.075	  38.0416	   165909	   165909	  1405.52	   165909	   165909	 
  0.0752	  35.6076	   159740	   159740	  1330.56	   159740	   159740	 
  0.0754	  33.3287	   153797	   153797	  1259.58	   153797	   153797	 
  0.0756	  31.1951	   148073	   148073	  1192.36	   148073	   148073	 
  0.0758	  29.1976	   142559	   142559	   1128.7	   142559	   142559	 
   0.076	  27.3275	   137247	   137247	  1068.43	   137247	   137247	 
  0.0762	  25.5767	   132131	   132131	  1011.35	   132131	   132131	 
  0.0764	  23.9377	   127203	   127203	  957.306	   127203	   127203	 
  0.0766	  22.4033	   122457	   122457	  906.132	   122457	   122457	 
  0.0768	  20.9668	   117886	   117886	  857.677	   117886	   117886	 
   0.077	  19.6222	   113483	   113483	  811.798	   113483	   113483	 
  0.0772	  18.3634	   109243	   109243	   768.36	   109243	   109243	 
  0.0774	  17.1852	   105159	   105159	  727.232	   105159	   105159	 
  0.0776	  16.0822	   101226	   101226	  688.293	   101226	   101226	 
  0.0778	  15.0498	  97438.2	  97438.2	  651.427	  97438.2	  97438.2	 
   0.078	  14.0834	  93790.6	  93790.6	  616.525	  93790.6	  93790.6	 
  0.0782	  13.1788	  90277.9	  90277.9	  583.482	  90277.9	  90277.9	 
  0.0784	  12.3322	  86895.2	  86895.2	    552.2	  86895.2	  86895.2	 
  0.0786	  11.5397	  83637.8	  83637.8	  522.586	  83637.8	  83637.8	 
  0.0788	   10.798	    80501	    80501	  494.551	    80501	    80501	 
   0.079	  10.1038	  77480.6	  77480.6	  468.012	  77480.6	  77480.6	 
  0.0792	  9.45402	  74572.1	  74572.1	   442.89	  74572.1	  74572.1	 
  0.0794	  8.84592	  71771.6	  71771.6	  419.108	  71771.6	  71771.6	 
  0.0796	   8.2768	  69075.1	  69075.1	  396.597	  69075.1	  69075.1	 
  0.0798	  7.74417	  66478.8	  66478.8	  375.289	  66478.8	  66478.8	 
    0.08	   7.2457	  63978.9	  63978.9	  355.119	  63978.9	  63978.9	 
  0.0802	   6.7792	    61572	    61572	  336.027	    61572	    61572	 
  0.0804	  6.34264	  59254.7	  59254.7	  317.956	  59254.7	  59254.7	 
  0.0806	   5.9341	  57023.6	  57023.6	  300.853	  57023.6	  57023.6	 
  0.0808	  5.55178	  54875.5	  54875.5	  284.664	  54875.5	  54875.5	 
   0.081	  5.19401	  52807.6	  52807.6	  269.342	  52807.6	  52807.6	 
  0.0812	  4.85923	  50816.7	  50816.7	   254.84	  50816.7	  50816.7	 
  0.0814	  4.54595	    48900	    48900	  241.115	    48900	    48900	 
  0.0816	   4.2528	  47054.9	  47054.9	  228.126	  47054.9	  47054.9	 
  0.0818	   3.9785	  45278.6	  45278.6	  215.833	  45278.6	  45278.6	 
   0.082	  3.72183	  43568.7	  43568.7	  204.199	  43568.7	  43568.7	 
  0.0822	  3.48166	  41922.7	  41922.7	  193.188	  41922.7	  41922.7	 
  0.0824	  3.25695	  40338.2	  40338.2	  182.769	  40338.2	  40338.2	 
  0.0826	  3.04669	    38813	    38813	  172.909	    38813	    38813	 
  0.0828	  2.84996	  37344.9	  37344.9	  163.578	  37344.9	  37344.9	 
   0.083	   2.6659	  35931.7	  35931.7	  154.748	  35931.7	  35931.7	 
  0.0832	  2.49368	  34571.5	  34571.5	  146.392	  34571.5	  34571.5	 
  0.0834	  2.33256	  33262.2	  33262.2	  138.486	  33262.2	  33262.2	 
  0.0836	  2.18181	    32002	    32002	  131.004	    32002	    32002	 
  0.0838	  2.04078	  30789.1	  30789.1	  123.925	  30789.1	  30789.1	 
   0.084	  1.90884	  29621.6	  29621.6	  117.226	  29621.6	  29621.6	 
  0.0842	   1.7854	    28498	    28498	  110.888	    28498	    28498	 
  0.0844	  1.66991	  27416.6	  27416.6	   104.89	  27416.6	  27416.6	 
  0.0846	  1.56188	  26375.9	  26375.9	  99.2161	  26375.9	  26375.9	 
  0.0848	  1.46081	  25374.2	  25374.2	  93.8472	  25374.2	  25374.2	 
   0.085	  1.36627	  24410.3	  24410.3	  88.7675	  24410.3	  24410.3	 
  0.0852	  1.27782	  23482.6	  23482.6	  83.9615	  23482.6	  23482.6	 
  0.0854	  1.19509	  22589.8	  22589.8	  79.4145	  22589.8	  22589.8	 
  0.0856	  1.11769	  21730.6	  21730.6	  75.1127	  21730.6	  21730.6	 
  0.0858	  1.04529	  20903.8	  20903.8	  71.0428	  20903.8	  20903.8	 
   0.086	 0.977571	  20108.2	  20108.2	  67.1924	  20108.2	  20108.2	 
  0.0862	 0.914224	  19342.5	  19342.5	  63.5497	  19342.5	  19342.5	 
  0.0864	  0.85497	  18605.8	  18605.8	  60.1037	  18605.8	  18605.8	 
  0.0866	 0.799545	  17896.8	  17896.8	  56.8437	  17896.8	  17896.8	 
  0.0868	 0.747704	  17214.6	  17214.6	  53.7597	  17214.6	  17214.6	 
   0.087	 0.699214	  16558.2	  16558.2	  50.8423	  16558.2	  16558.2	 
  0.0872	  0.65386	  15926.5	  15926.5	  48.0825	  15926.5	  15926.5	 
  0.0874	 0.611439	  15318.8	  15318.8	  45.4719	  15318.8	  15318.8	 
  0.0876	 0.571763	    14734	    14734	  43.0024	    14734	    14734	 
  0.0878	 0.534654	  14171.4	  14171.4	  40.6664	  14171.4	  14171.4	 
   0.088	 0.499948	    13630	    13630	  38.4568	    13630	    13630	 
  0.0882	 0.467487	  13109.1	  13109.1	  36.3667	  13109.1	  13109.1	 
  0.0884	 0.437129	    12608	    12608	  34.3897	    12608	    12608	 
  0.0886	 0.408737	  12125.9	  12125.9	  32.5198	  12125.9	  12125.9	 
  0.0888	 0.382184	    11662	    11662	  30.7511	    11662	    11662	 
   0.089	 0.357351	  11215.7	  11215.7	  29.0782	  11215.7	  11215.7	 
  0.0892	 0.334127	  10786.4	  10786.4	  27.4959	  10786.4	  10786.4	 
  0.0894	 0.312409	  10373.3	  10373.3	  25.9993	  10373.3	  10373.3	 
  0.0896	 0.292098	  9975.92	  9975.92	  24.5839	  9975.92	  9975.92	 
  0.0898	 0.273105	  9593.64	  9593.64	  23.2452	  9593.64	  9593.64	 
    0.09	 0.255343	  9225.88	  9225.88	  21.9791	  9225.88	  9225.88	 
  0.0902	 0.238734	   8872.1	   8872.1	  20.7817	   8872.1	   8872.1	 
  0.0904	 0.223202	  8531.77	  8531.77	  19.6493	  8531.77	  8531.77	 
  0.0906	 0.208678	  8204.39	  8204.39	  18.5783	  8204.39	  8204.39	 
  0.0908	 0.195096	  7889.47	  7889.47	  17.5655	  7889.47	  7889.47	 
   0.091	 0.182396	  7586.53	  7586.53	  16.6076	  7586.53	  7586.53	 
  0.0912	 0.170521	  7295.13	  7295.13	  15.7018	  7295.13	  7295.13	 
  0.0914	 0.159417	  7014.83	  7014.83	  14.8452	  7014.83	  7014.83	 
  0.0916	 0.149034	  6745.21	  6745.21	  14.0351	  6745.21	  6745.21	 
  0.0918	 0.139326	  6485.87	  6485.87	  13.2691	  6485.87	  6485.87	 
   0.092	 0.130249	  6236.43	  6236.43	  12.5447	  6236.43	  6236.43	 
  0.0922	 0.121761	  5996.49	  5996.49	  11.8597	  5996.49	  5996.49	 
  0.0924	 0.113825	  5765.72	  5765.72	   11.212	  5765.72	  5765.72	 
  0.0926	 0.106406	  5543.75	  5543.75	  10.5995	  5543.75	  5543.75	 
  0.0928	 0.0994681	  5330.27	  5330.27	  10.0203	  5330.27	  5330.27	 
   0.093	 0.092982	  5124.94	  5124.94	   9.4727	  5124.94	  5124.94	 
  0.0932	 0.0869177	  4927.45	  4927.45	  8.95488	  4927.45	  4927.45	 
  0.0934	 0.081248	  4737.52	  4737.52	  8.46525	  4737.52	  4737.52	 
  0.0936	 0.0759472	  4554.85	  4554.85	   8.0023	  4554.85	  4554.85	 
  0.0938	 0.0709914	  4379.17	  4379.17	  7.56458	  4379.17	  4379.17	 
   0.094	 0.0663583	  4210.22	  4210.22	   7.1507	  4210.22	  4210.22	 
  0.0942	 0.0620268	  4047.73	  4047.73	  6.75939	  4047.73	  4047.73	 
  0.0944	 0.0579773	  3891.46	  3891.46	  6.38941	  3891.46	  3891.46	 
  0.0946	 0.0541916	  3741.19	  3741.19	  6.03961	  3741.19	  3741.19	 
  0.0948	 0.0506525	  3596.67	  3596.67	  5.70889	  3596.67	  3596.67	 
   0.095	 0.047344	  3457.69	  3457.69	  5.39621	  3457.69	  3457.69	 
  0.0952	 0.0442511	  3324.05	  3324.05	   5.1006	  3324.05	  3324.05	 
  0.0954	 0.0413598	  3195.53	  3195.53	  4.82112	  3195.53	  3195.53	 
  0.0956	 0.038657	  3071.94	  3071.94	  4.55691	  3071.94	  3071.94	 
  0.0958	 0.0361303	   2953.1	   2953.1	  4.30712	   2953.1	   2953.1	 
   0.096	 0.0337685	  2838.82	  2838.82	  4.07097	  2838.82	  2838.82	 
  0.0962	 0.0315607	  2728.93	  2728.93	  3.84772	  2728.93	  2728.93	 
  0.0964	 0.0294969	  2623.26	  2623.26	  3.63668	  2623.26	  2623.26	 
  0.0966	 0.0275678	  2521.66	  2521.66	  3.43717	  2521.66	  2521.66	 
  0.0968	 0.0257645	  2423.96	  2423.96	  3.24857	  2423.96	  2423.96	 
   0.097	 0.0240789	  2330.02	  2330.02	  3.07028	  2330.02	  2330.02	 
  0.0972	 0.0225034	   2239.7	   2239.7	  2.90174	   2239.7	   2239.7	 
  0.0974	 0.0210307	  2152.85	  2152.85	  2.74242	  2152.85	  2152.85	 
  0.0976	 0.0196542	  2069.35	  2069.35	  2.59182	  2069.35	  2069.35	 
  0.0978	 0.0183676	  1989.06	  1989.06	  2.44946	  1989.06	  1989.06	 
   0.098	 0.017165	  1911.86	  1911.86	  2.31489	  1911.86	  1911.86	 
  0.0982	 0.016041	  1837.64	  1837.64	  2.18769	  1837.64	  1837.64	 
  0.0984	 0.0149904	  1766.29	  1766.29	  2.06746	  1766.29	  1766.29	 
  0.0986	 0.0140085	  1697.68	  1697.68	  1.95381	  1697.68	  1697.68	 
  0.0988	 0.0130908	  1631.72	  1631.72	  1.84639	  1631.72	  1631.72	 
   0.099	 0.0122331	   1568.3	   1568.3	  1.74486	   1568.3	   1568.3	 
  0.0992	 0.0114314	  1507.34	  1507.34	  1.64889	  1507.34	  1507.34	 
  0.0994	 0.0106822	  1448.73	  1448.73	  1.55818	  1448.73	  1448.73	 
  0.0996	 0.00998193	  1392.38	  1392.38	  1.47244	  1392.38	  1392.38	 
  0.0998	 0.0093275	   1338.2	   1338.2	  1.39141	   1338.2	   1338.2	 
     0.1	 0.00871589	  1286.13	  1286.13	  1.31482	  1286.13	  1286.13	 
