       0	        0	        0	        0	        0	        0	        0	 
  0.0002	 5.04397e+06	   679008	   679008	 2.44054e+06	   679008	   679008	 
  0.0004	 2.76918e+07	 3.80821e+06	 3.80821e+06	 1.30584e+07	 3.80821e+06	 3.80821e+06	 
  0.0006	 7.29108e+07	 1.02555e+07	 1.02555e+07	 3.40452e+07	 1.02555e+07	 1.02555e+07	 
  0.0008	 1.42092e+08	 2.04525e+07	 2.04525e+07	 6.61276e+07	 2.04525e+07	 2.04525e+07	 
   0.001	 2.3483e+08	 3.45986e+07	 3.45986e+07	 1.0931e+08	 3.45986e+07	 3.45986e+07	 
  0.0012	 3.49663e+08	 5.27425e+07	 5.27425e+07	 1.63168e+08	 5.27425e+07	 5.27425e+07	 
  0.0014	 4.84502e+08	 7.48279e+07	 7.48279e+07	 2.27002e+08	 7.48279e+07	 7.48279e+07	 
  0.0016	 6.36894e+08	 1.00723e+08	 1.00723e+08	 2.99949e+08	 1.00723e+08	 1.00723e+08	 
  0.0018	 8.04208e+08	 1.30243e+08	 1.30243e+08	 3.81041e+08	 1.30243e+08	 1.30243e+08	 
   0.002	 9.83759e+08	 1.63163e+08	 1.63163e+08	 4.6926e+08	 1.63163e+08	 1.63163e+08	 
  0.0022	 1.1729e+09	 1.99232e+08	 1.99232e+08	 5.63568e+08	 1.99232e+08	 1.99232e+08	 
  0.0024	 1.36907e+09	 2.38179e+08	 2.38179e+08	 6.62937e+08	 2.38179e+08	 2.38179e+08	 
  0.0026	 1.56985e+09	 2.79725e+08	 2.79725e+08	 7.66363e+08	 2.79725e+08	 2.79725e+08	 
  0.0028	 1.773e+09	 3.23583e+08	 3.23583e+08	 8.72882e+08	 3.23583e+08	 3.23583e+08	 
   0.003	 1.97645e+09	 3.69467e+08	 3.69467e+08	 9.81577e+08	 3.69467e+08	 3.69467e+08	 
  0.0032	 2.17832e+09	 4.17093e+08	 4.17093e+08	 1.09159e+09	 4.17093e+08	 4.17093e+08	 
  0.0034	 2.37692e+09	 4.66181e+08	 4.66181e+08	 1.20211e+09	 4.66181e+08	 4.66181e+08	 
  0.0036	 2.57076e+09	 5.16461e+08	 5.16461e+08	 1.31241e+09	 5.16461e+08	 5.16461e+08	 
  0.0038	 2.75854e+09	 5.67671e+08	 5.67671e+08	 1.4218e+09	 5.67671e+08	 5.67671e+08	 
   0.004	 2.93915e+09	 6.19561e+08	 6.19561e+08	 1.52967e+09	 6.19561e+08	 6.19561e+08	 
  0.0042	 3.11161e+09	 6.71892e+08	 6.71892e+08	 1.63546e+09	 6.71892e+08	 6.71892e+08	 
  0.0044	 3.27515e+09	 7.24436e+08	 7.24436e+08	 1.73867e+09	 7.24436e+08	 7.24436e+08	 
  0.0046	 3.42912e+09	 7.76981e+08	 7.76981e+08	 1.83887e+09	 7.76981e+08	 7.76981e+08	 
  0.0048	 3.57302e+09	 8.29325e+08	 8.29325e+08	 1.93566e+09	 8.29325e+08	 8.29325e+08	 
   0.005	 3.70647e+09	 8.81283e+08	 8.81283e+08	 2.02873e+09	 8.81283e+08	 8.81283e+08	 
  0.0052	 3.82921e+09	 9.32679e+08	 9.32679e+08	 2.11777e+09	 9.32679e+08	 9.32679e+08	 
  0.0054	 3.94108e+09	 9.83353e+08	 9.83353e+08	 2.20256e+09	 9.83353e+08	 9.83353e+08	 
  0.0056	 4.04203e+09	 1.03316e+09	 1.03316e+09	 2.2829e+09	 1.03316e+09	 1.03316e+09	 
  0.0058	 4.13206e+09	 1.08196e+09	 1.08196e+09	 2.35863e+09	 1.08196e+09	 1.08196e+09	 
   0.006	 4.21129e+09	 1.12963e+09	 1.12963e+09	 2.42964e+09	 1.12963e+09	 1.12963e+09	 
  0.0062	 4.27986e+09	 1.17606e+09	 1.17606e+09	 2.49585e+09	 1.17606e+09	 1.17606e+09	 
  0.0064	 4.33799e+09	 1.22116e+09	 1.22116e+09	 2.55719e+09	 1.22116e+09	 1.22116e+09	 
  0.0066	 4.38596e+09	 1.26483e+09	 1.26483e+09	 2.61366e+09	 1.26483e+09	 1.26483e+09	 
  0.0068	 4.42406e+09	 1.30699e+09	 1.30699e+09	 2.66524e+09	 1.30699e+09	 1.30699e+09	 
   0.007	 4.45264e+09	 1.34759e+09	 1.34759e+09	 2.71197e+09	 1.34759e+09	 1.34759e+09	 
  0.0072	 4.47206e+09	 1.38655e+09	 1.38655e+09	 2.7539e+09	 1.38655e+09	 1.38655e+09	 
  0.0074	 4.48272e+09	 1.42384e+09	 1.42384e+09	 2.79108e+09	 1.42384e+09	 1.42384e+09	 
  0.0076	 4.48503e+09	 1.4594e+09	 1.4594e+09	 2.8236e+09	 1.4594e+09	 1.4594e+09	 
  0.0078	 4.47941e+09	 1.49322e+09	 1.49322e+09	 2.85157e+09	 1.49322e+09	 1.49322e+09	 
   0.008	 4.46628e+09	 1.52525e+09	 1.52525e+09	 2.87507e+09	 1.52525e+09	 1.52525e+09	 
  0.0082	 4.44609e+09	 1.55549e+09	 1.55549e+09	 2.89425e+09	 1.55549e+09	 1.55549e+09	 
  0.0084	 4.41926e+09	 1.58393e+09	 1.58393e+09	 2.90923e+09	 1.58393e+09	 1.58393e+09	 
  0.0086	 4.38624e+09	 1.61056e+09	 1.61056e+09	 2.92014e+09	 1.61056e+09	 1.61056e+09	 
  0.0088	 4.34745e+09	 1.63537e+09	 1.63537e+09	 2.92713e+09	 1.63537e+09	 1.63537e+09	 
   0.009	 4.30333e+09	 1.65838e+09	 1.65838e+09	 2.93035e+09	 1.65838e+09	 1.65838e+09	 
  0.0092	 4.25428e+09	 1.6796e+09	 1.6796e+09	 2.92996e+09	 1.6796e+09	 1.6796e+09	 
  0.0094	 4.20071e+09	 1.69904e+09	 1.69904e+09	 2.92611e+09	 1.69904e+09	 1.69904e+09	 
  0.0096	 4.14303e+09	 1.71673e+09	 1.71673e+09	 2.91896e+09	 1.71673e+09	 1.71673e+09	 
  0.0098	 4.0816e+09	 1.73267e+09	 1.73267e+09	 2.90867e+09	 1.73267e+09	 1.73267e+09	 
    0.01	 4.01682e+09	 1.74691e+09	 1.74691e+09	 2.89539e+09	 1.74691e+09	 1.74691e+09	 
  0.0102	 3.94902e+09	 1.75947e+09	 1.75947e+09	 2.8793e+09	 1.75947e+09	 1.75947e+09	 
  0.0104	 3.87855e+09	 1.77038e+09	 1.77038e+09	 2.86055e+09	 1.77038e+09	 1.77038e+09	 
  0.0106	 3.80575e+09	 1.77968e+09	 1.77968e+09	 2.8393e+09	 1.77968e+09	 1.77968e+09	 
  0.0108	 3.73091e+09	 1.78741e+09	 1.78741e+09	 2.81569e+09	 1.78741e+09	 1.78741e+09	 
   0.011	 3.65435e+09	 1.7936e+09	 1.7936e+09	 2.78989e+09	 1.7936e+09	 1.7936e+09	 
  0.0112	 3.57633e+09	 1.79829e+09	 1.79829e+09	 2.76204e+09	 1.79829e+09	 1.79829e+09	 
  0.0114	 3.49713e+09	 1.80153e+09	 1.80153e+09	 2.7323e+09	 1.80153e+09	 1.80153e+09	 
  0.0116	 3.417e+09	 1.80337e+09	 1.80337e+09	 2.70079e+09	 1.80337e+09	 1.80337e+09	 
  0.0118	 3.33617e+09	 1.80383e+09	 1.80383e+09	 2.66766e+09	 1.80383e+09	 1.80383e+09	 
   0.012	 3.25486e+09	 1.80297e+09	 1.80297e+09	 2.63305e+09	 1.80297e+09	 1.80297e+09	 
  0.0122	 3.17328e+09	 1.80084e+09	 1.80084e+09	 2.59709e+09	 1.80084e+09	 1.80084e+09	 
  0.0124	 3.09162e+09	 1.79748e+09	 1.79748e+09	 2.55989e+09	 1.79748e+09	 1.79748e+09	 
  0.0126	 3.01006e+09	 1.79293e+09	 1.79293e+09	 2.52159e+09	 1.79293e+09	 1.79293e+09	 
  0.0128	 2.92876e+09	 1.78725e+09	 1.78725e+09	 2.4823e+09	 1.78725e+09	 1.78725e+09	 
   0.013	 2.84789e+09	 1.78047e+09	 1.78047e+09	 2.44213e+09	 1.78047e+09	 1.78047e+09	 
  0.0132	 2.76758e+09	 1.77265e+09	 1.77265e+09	 2.40119e+09	 1.77265e+09	 1.77265e+09	 
  0.0134	 2.68795e+09	 1.76383e+09	 1.76383e+09	 2.35958e+09	 1.76383e+09	 1.76383e+09	 
  0.0136	 2.60913e+09	 1.75406e+09	 1.75406e+09	 2.3174e+09	 1.75406e+09	 1.75406e+09	 
  0.0138	 2.53122e+09	 1.74338e+09	 1.74338e+09	 2.27474e+09	 1.74338e+09	 1.74338e+09	 
   0.014	 2.45432e+09	 1.73184e+09	 1.73184e+09	 2.2317e+09	 1.73184e+09	 1.73184e+09	 
  0.0142	 2.37851e+09	 1.71948e+09	 1.71948e+09	 2.18836e+09	 1.71948e+09	 1.71948e+09	 
  0.0144	 2.30388e+09	 1.70634e+09	 1.70634e+09	 2.14479e+09	 1.70634e+09	 1.70634e+09	 
  0.0146	 2.2305e+09	 1.69248e+09	 1.69248e+09	 2.10108e+09	 1.69248e+09	 1.69248e+09	 
  0.0148	 2.15841e+09	 1.67792e+09	 1.67792e+09	 2.05729e+09	 1.67792e+09	 1.67792e+09	 
   0.015	 2.08768e+09	 1.66271e+09	 1.66271e+09	 2.0135e+09	 1.66271e+09	 1.66271e+09	 
  0.0152	 2.01835e+09	 1.64689e+09	 1.64689e+09	 1.96976e+09	 1.64689e+09	 1.64689e+09	 
  0.0154	 1.95046e+09	 1.6305e+09	 1.6305e+09	 1.92614e+09	 1.6305e+09	 1.6305e+09	 
  0.0156	 1.88404e+09	 1.61359e+09	 1.61359e+09	 1.8827e+09	 1.61359e+09	 1.61359e+09	 
  0.0158	 1.81912e+09	 1.59617e+09	 1.59617e+09	 1.83947e+09	 1.59617e+09	 1.59617e+09	 
   0.016	 1.75572e+09	 1.5783e+09	 1.5783e+09	 1.79652e+09	 1.5783e+09	 1.5783e+09	 
  0.0162	 1.69385e+09	 1.56001e+09	 1.56001e+09	 1.75389e+09	 1.56001e+09	 1.56001e+09	 
  0.0164	 1.63353e+09	 1.54134e+09	 1.54134e+09	 1.71162e+09	 1.54134e+09	 1.54134e+09	 
  0.0166	 1.57475e+09	 1.5223e+09	 1.5223e+09	 1.66974e+09	 1.5223e+09	 1.5223e+09	 
  0.0168	 1.51753e+09	 1.50295e+09	 1.50295e+09	 1.6283e+09	 1.50295e+09	 1.50295e+09	 
   0.017	 1.46186e+09	 1.48331e+09	 1.48331e+09	 1.58732e+09	 1.48331e+09	 1.48331e+09	 
  0.0172	 1.40773e+09	 1.4634e+09	 1.4634e+09	 1.54685e+09	 1.4634e+09	 1.4634e+09	 
  0.0174	 1.35514e+09	 1.44327e+09	 1.44327e+09	 1.50689e+09	 1.44327e+09	 1.44327e+09	 
  0.0176	 1.30407e+09	 1.42293e+09	 1.42293e+09	 1.46748e+09	 1.42293e+09	 1.42293e+09	 
  0.0178	 1.25452e+09	 1.40242e+09	 1.40242e+09	 1.42864e+09	 1.40242e+09	 1.40242e+09	 
   0.018	 1.20645e+09	 1.38176e+09	 1.38176e+09	 1.39039e+09	 1.38176e+09	 1.38176e+09	 
  0.0182	 1.15987e+09	 1.36097e+09	 1.36097e+09	 1.35275e+09	 1.36097e+09	 1.36097e+09	 
  0.0184	 1.11473e+09	 1.34009e+09	 1.34009e+09	 1.31573e+09	 1.34009e+09	 1.34009e+09	 
  0.0186	 1.07103e+09	 1.31913e+09	 1.31913e+09	 1.27934e+09	 1.31913e+09	 1.31913e+09	 
  0.0188	 1.02874e+09	 1.29811e+09	 1.29811e+09	 1.2436e+09	 1.29811e+09	 1.29811e+09	 
   0.019	 9.87838e+08	 1.27706e+09	 1.27706e+09	 1.20852e+09	 1.27706e+09	 1.27706e+09	 
  0.0192	 9.48291e+08	 1.25599e+09	 1.25599e+09	 1.1741e+09	 1.25599e+09	 1.25599e+09	 
  0.0194	 9.10074e+08	 1.23493e+09	 1.23493e+09	 1.14035e+09	 1.23493e+09	 1.23493e+09	 
  0.0196	 8.7316e+08	 1.2139e+09	 1.2139e+09	 1.10728e+09	 1.2139e+09	 1.2139e+09	 
  0.0198	 8.37521e+08	 1.1929e+09	 1.1929e+09	 1.07489e+09	 1.1929e+09	 1.1929e+09	 
    0.02	 8.03127e+08	 1.17197e+09	 1.17197e+09	 1.04318e+09	 1.17197e+09	 1.17197e+09	 
  0.0202	 7.69949e+08	 1.15111e+09	 1.15111e+09	 1.01215e+09	 1.15111e+09	 1.15111e+09	 
  0.0204	 7.37956e+08	 1.13033e+09	 1.13033e+09	 9.81803e+08	 1.13033e+09	 1.13033e+09	 
  0.0206	 7.07119e+08	 1.10966e+09	 1.10966e+09	 9.52138e+08	 1.10966e+09	 1.10966e+09	 
  0.0208	 6.77408e+08	 1.08911e+09	 1.08911e+09	 9.23152e+08	 1.08911e+09	 1.08911e+09	 
   0.021	 6.48792e+08	 1.06868e+09	 1.06868e+09	 8.94842e+08	 1.06868e+09	 1.06868e+09	 
  0.0212	 6.21241e+08	 1.0484e+09	 1.0484e+09	 8.67203e+08	 1.0484e+09	 1.0484e+09	 
  0.0214	 5.94724e+08	 1.02827e+09	 1.02827e+09	 8.40231e+08	 1.02827e+09	 1.02827e+09	 
  0.0216	 5.69213e+08	 1.00829e+09	 1.00829e+09	 8.1392e+08	 1.00829e+09	 1.00829e+09	 
  0.0218	 5.44676e+08	 9.88495e+08	 9.88495e+08	 7.88264e+08	 9.88495e+08	 9.88495e+08	 
   0.022	 5.21085e+08	 9.68876e+08	 9.68876e+08	 7.63257e+08	 9.68876e+08	 9.68876e+08	 
  0.0222	 4.9841e+08	 9.49447e+08	 9.49447e+08	 7.3889e+08	 9.49447e+08	 9.49447e+08	 
  0.0224	 4.76624e+08	 9.30215e+08	 9.30215e+08	 7.15156e+08	 9.30215e+08	 9.30215e+08	 
  0.0226	 4.55697e+08	 9.11187e+08	 9.11187e+08	 6.92046e+08	 9.11187e+08	 9.11187e+08	 
  0.0228	 4.35601e+08	 8.92369e+08	 8.92369e+08	 6.69552e+08	 8.92369e+08	 8.92369e+08	 
   0.023	 4.1631e+08	 8.7377e+08	 8.7377e+08	 6.47665e+08	 8.7377e+08	 8.7377e+08	 
  0.0232	 3.97797e+08	 8.55392e+08	 8.55392e+08	 6.26374e+08	 8.55392e+08	 8.55392e+08	 
  0.0234	 3.80034e+08	 8.37243e+08	 8.37243e+08	 6.05672e+08	 8.37243e+08	 8.37243e+08	 
  0.0236	 3.62997e+08	 8.19326e+08	 8.19326e+08	 5.85546e+08	 8.19326e+08	 8.19326e+08	 
  0.0238	 3.4666e+08	 8.01646e+08	 8.01646e+08	 5.65988e+08	 8.01646e+08	 8.01646e+08	 
   0.024	 3.30999e+08	 7.84206e+08	 7.84206e+08	 5.46986e+08	 7.84206e+08	 7.84206e+08	 
  0.0242	 3.15989e+08	 7.67009e+08	 7.67009e+08	 5.2853e+08	 7.67009e+08	 7.67009e+08	 
  0.0244	 3.01607e+08	 7.50059e+08	 7.50059e+08	 5.1061e+08	 7.50059e+08	 7.50059e+08	 
  0.0246	 2.87831e+08	 7.33358e+08	 7.33358e+08	 4.93215e+08	 7.33358e+08	 7.33358e+08	 
  0.0248	 2.74637e+08	 7.16908e+08	 7.16908e+08	 4.76334e+08	 7.16908e+08	 7.16908e+08	 
   0.025	 2.62004e+08	 7.0071e+08	 7.0071e+08	 4.59956e+08	 7.0071e+08	 7.0071e+08	 
  0.0252	 2.49912e+08	 6.84767e+08	 6.84767e+08	 4.4407e+08	 6.84767e+08	 6.84767e+08	 
  0.0254	 2.3834e+08	 6.69079e+08	 6.69079e+08	 4.28665e+08	 6.69079e+08	 6.69079e+08	 
  0.0256	 2.27267e+08	 6.53647e+08	 6.53647e+08	 4.1373e+08	 6.53647e+08	 6.53647e+08	 
  0.0258	 2.16675e+08	 6.38472e+08	 6.38472e+08	 3.99255e+08	 6.38472e+08	 6.38472e+08	 
   0.026	 2.06545e+08	 6.23553e+08	 6.23553e+08	 3.85228e+08	 6.23553e+08	 6.23553e+08	 
  0.0262	 1.96859e+08	 6.08892e+08	 6.08892e+08	 3.71639e+08	 6.08892e+08	 6.08892e+08	 
  0.0264	 1.87599e+08	 5.94486e+08	 5.94486e+08	 3.58478e+08	 5.94486e+08	 5.94486e+08	 
  0.0266	 1.78748e+08	 5.80336e+08	 5.80336e+08	 3.45733e+08	 5.80336e+08	 5.80336e+08	 
  0.0268	 1.7029e+08	 5.66442e+08	 5.66442e+08	 3.33393e+08	 5.66442e+08	 5.66442e+08	 
   0.027	 1.6221e+08	 5.52802e+08	 5.52802e+08	 3.2145e+08	 5.52802e+08	 5.52802e+08	 
  0.0272	 1.54491e+08	 5.39414e+08	 5.39414e+08	 3.09892e+08	 5.39414e+08	 5.39414e+08	 
  0.0274	 1.47119e+08	 5.26279e+08	 5.26279e+08	 2.98709e+08	 5.26279e+08	 5.26279e+08	 
  0.0276	 1.4008e+08	 5.13393e+08	 5.13393e+08	 2.87891e+08	 5.13393e+08	 5.13393e+08	 
  0.0278	 1.3336e+08	 5.00756e+08	 5.00756e+08	 2.77429e+08	 5.00756e+08	 5.00756e+08	 
   0.028	 1.26946e+08	 4.88365e+08	 4.88365e+08	 2.67312e+08	 4.88365e+08	 4.88365e+08	 
  0.0282	 1.20824e+08	 4.76219e+08	 4.76219e+08	 2.57532e+08	 4.76219e+08	 4.76219e+08	 
  0.0284	 1.14983e+08	 4.64316e+08	 4.64316e+08	 2.48078e+08	 4.64316e+08	 4.64316e+08	 
  0.0286	 1.0941e+08	 4.52653e+08	 4.52653e+08	 2.38941e+08	 4.52653e+08	 4.52653e+08	 
  0.0288	 1.04094e+08	 4.41227e+08	 4.41227e+08	 2.30113e+08	 4.41227e+08	 4.41227e+08	 
   0.029	 9.90245e+07	 4.30038e+08	 4.30038e+08	 2.21584e+08	 4.30038e+08	 4.30038e+08	 
  0.0292	 9.41903e+07	 4.19081e+08	 4.19081e+08	 2.13346e+08	 4.19081e+08	 4.19081e+08	 
  0.0294	 8.95814e+07	 4.08354e+08	 4.08354e+08	 2.0539e+08	 4.08354e+08	 4.08354e+08	 
  0.0296	 8.51879e+07	 3.97856e+08	 3.97856e+08	 1.97709e+08	 3.97856e+08	 3.97856e+08	 
  0.0298	 8.10005e+07	 3.87581e+08	 3.87581e+08	 1.90292e+08	 3.87581e+08	 3.87581e+08	 
    0.03	 7.701e+07	 3.77529e+08	 3.77529e+08	 1.83133e+08	 3.77529e+08	 3.77529e+08	 
  0.0302	 7.32079e+07	 3.67696e+08	 3.67696e+08	 1.76224e+08	 3.67696e+08	 3.67696e+08	 
  0.0304	 6.95856e+07	 3.58079e+08	 3.58079e+08	 1.69557e+08	 3.58079e+08	 3.58079e+08	 
  0.0306	 6.61353e+07	 3.48675e+08	 3.48675e+08	 1.63125e+08	 3.48675e+08	 3.48675e+08	 
  0.0308	 6.28491e+07	 3.39481e+08	 3.39481e+08	 1.5692e+08	 3.39481e+08	 3.39481e+08	 
   0.031	 5.97199e+07	 3.30494e+08	 3.30494e+08	 1.50935e+08	 3.30494e+08	 3.30494e+08	 
  0.0312	 5.67404e+07	 3.21711e+08	 3.21711e+08	 1.45163e+08	 3.21711e+08	 3.21711e+08	 
  0.0314	 5.39039e+07	 3.13128e+08	 3.13128e+08	 1.39598e+08	 3.13128e+08	 3.13128e+08	 
  0.0316	 5.12039e+07	 3.04743e+08	 3.04743e+08	 1.34232e+08	 3.04743e+08	 3.04743e+08	 
  0.0318	 4.86341e+07	 2.96552e+08	 2.96552e+08	 1.2906e+08	 2.96552e+08	 2.96552e+08	 
   0.032	 4.61887e+07	 2.88552e+08	 2.88552e+08	 1.24074e+08	 2.88552e+08	 2.88552e+08	 
  0.0322	 4.38618e+07	 2.80739e+08	 2.80739e+08	 1.1927e+08	 2.80739e+08	 2.80739e+08	 
  0.0324	 4.16481e+07	 2.73112e+08	 2.73112e+08	 1.1464e+08	 2.73112e+08	 2.73112e+08	 
  0.0326	 3.95422e+07	 2.65666e+08	 2.65666e+08	 1.1018e+08	 2.65666e+08	 2.65666e+08	 
  0.0328	 3.75392e+07	 2.58398e+08	 2.58398e+08	 1.05884e+08	 2.58398e+08	 2.58398e+08	 
   0.033	 3.56343e+07	 2.51305e+08	 2.51305e+08	 1.01745e+08	 2.51305e+08	 2.51305e+08	 
  0.0332	 3.38229e+07	 2.44384e+08	 2.44384e+08	 9.77593e+07	 2.44384e+08	 2.44384e+08	 
  0.0334	 3.21005e+07	 2.37631e+08	 2.37631e+08	 9.39212e+07	 2.37631e+08	 2.37631e+08	 
  0.0336	 3.04631e+07	 2.31044e+08	 2.31044e+08	 9.02257e+07	 2.31044e+08	 2.31044e+08	 
  0.0338	 2.89066e+07	 2.2462e+08	 2.2462e+08	 8.66679e+07	 2.2462e+08	 2.2462e+08	 
   0.034	 2.74272e+07	 2.18354e+08	 2.18354e+08	 8.32431e+07	 2.18354e+08	 2.18354e+08	 
  0.0342	 2.60212e+07	 2.12245e+08	 2.12245e+08	 7.99467e+07	 2.12245e+08	 2.12245e+08	 
  0.0344	 2.46851e+07	 2.06288e+08	 2.06288e+08	 7.67743e+07	 2.06288e+08	 2.06288e+08	 
  0.0346	 2.34156e+07	 2.00481e+08	 2.00481e+08	 7.37215e+07	 2.00481e+08	 2.00481e+08	 
  0.0348	 2.22095e+07	 1.94822e+08	 1.94822e+08	 7.07843e+07	 1.94822e+08	 1.94822e+08	 
   0.035	 2.10637e+07	 1.89306e+08	 1.89306e+08	 6.79584e+07	 1.89306e+08	 1.89306e+08	 
  0.0352	 1.99754e+07	 1.8393e+08	 1.8393e+08	 6.52401e+07	 1.8393e+08	 1.8393e+08	 
  0.0354	 1.89417e+07	 1.78693e+08	 1.78693e+08	 6.26254e+07	 1.78693e+08	 1.78693e+08	 
  0.0356	 1.79601e+07	 1.73591e+08	 1.73591e+08	 6.01107e+07	 1.73591e+08	 1.73591e+08	 
  0.0358	 1.7028e+07	 1.68621e+08	 1.68621e+08	 5.76924e+07	 1.68621e+08	 1.68621e+08	 
   0.036	 1.61429e+07	 1.6378e+08	 1.6378e+08	 5.53671e+07	 1.6378e+08	 1.6378e+08	 
  0.0362	 1.53027e+07	 1.59066e+08	 1.59066e+08	 5.31315e+07	 1.59066e+08	 1.59066e+08	 
  0.0364	 1.4505e+07	 1.54475e+08	 1.54475e+08	 5.09822e+07	 1.54475e+08	 1.54475e+08	 
  0.0366	 1.37479e+07	 1.50005e+08	 1.50005e+08	 4.89162e+07	 1.50005e+08	 1.50005e+08	 
  0.0368	 1.30293e+07	 1.45653e+08	 1.45653e+08	 4.69304e+07	 1.45653e+08	 1.45653e+08	 
   0.037	 1.23473e+07	 1.41417e+08	 1.41417e+08	 4.50218e+07	 1.41417e+08	 1.41417e+08	 
  0.0372	 1.17002e+07	 1.37294e+08	 1.37294e+08	 4.31878e+07	 1.37294e+08	 1.37294e+08	 
  0.0374	 1.10861e+07	 1.33282e+08	 1.33282e+08	 4.14254e+07	 1.33282e+08	 1.33282e+08	 
  0.0376	 1.05036e+07	 1.29377e+08	 1.29377e+08	 3.97322e+07	 1.29377e+08	 1.29377e+08	 
  0.0378	 9.95086e+06	 1.25578e+08	 1.25578e+08	 3.81054e+07	 1.25578e+08	 1.25578e+08	 
   0.038	 9.42658e+06	 1.21881e+08	 1.21881e+08	 3.65427e+07	 1.21881e+08	 1.21881e+08	 
  0.0382	 8.92929e+06	 1.18285e+08	 1.18285e+08	 3.50417e+07	 1.18285e+08	 1.18285e+08	 
  0.0384	 8.45763e+06	 1.14787e+08	 1.14787e+08	 3.36e+07	 1.14787e+08	 1.14787e+08	 
  0.0386	 8.01034e+06	 1.11385e+08	 1.11385e+08	 3.22155e+07	 1.11385e+08	 1.11385e+08	 
  0.0388	 7.58618e+06	 1.08076e+08	 1.08076e+08	 3.08859e+07	 1.08076e+08	 1.08076e+08	 
   0.039	 7.184e+06	 1.04858e+08	 1.04858e+08	 2.96092e+07	 1.04858e+08	 1.04858e+08	 
  0.0392	 6.80268e+06	 1.01729e+08	 1.01729e+08	 2.83835e+07	 1.01729e+08	 1.01729e+08	 
  0.0394	 6.44117e+06	 9.86876e+07	 9.86876e+07	 2.72067e+07	 9.86876e+07	 9.86876e+07	 
  0.0396	 6.09847e+06	 9.57304e+07	 9.57304e+07	 2.6077e+07	 9.57304e+07	 9.57304e+07	 
  0.0398	 5.77363e+06	 9.28558e+07	 9.28558e+07	 2.49927e+07	 9.28558e+07	 9.28558e+07	 
    0.04	 5.46574e+06	 9.00616e+07	 9.00616e+07	 2.39519e+07	 9.00616e+07	 9.00616e+07	 
  0.0402	 5.17393e+06	 8.7346e+07	 8.7346e+07	 2.2953e+07	 8.7346e+07	 8.7346e+07	 
  0.0404	 4.8974e+06	 8.4707e+07	 8.4707e+07	 2.19944e+07	 8.4707e+07	 8.4707e+07	 
  0.0406	 4.63535e+06	 8.21425e+07	 8.21425e+07	 2.10746e+07	 8.21425e+07	 8.21425e+07	 
  0.0408	 4.38706e+06	 7.96507e+07	 7.96507e+07	 2.0192e+07	 7.96507e+07	 7.96507e+07	 
   0.041	 4.15181e+06	 7.72298e+07	 7.72298e+07	 1.93452e+07	 7.72298e+07	 7.72298e+07	 
  0.0412	 3.92894e+06	 7.4878e+07	 7.4878e+07	 1.85328e+07	 7.4878e+07	 7.4878e+07	 
  0.0414	 3.7178e+06	 7.25933e+07	 7.25933e+07	 1.77535e+07	 7.25933e+07	 7.25933e+07	 
  0.0416	 3.51781e+06	 7.03743e+07	 7.03743e+07	 1.7006e+07	 7.03743e+07	 7.03743e+07	 
  0.0418	 3.32837e+06	 6.8219e+07	 6.8219e+07	 1.6289e+07	 6.8219e+07	 6.8219e+07	 
   0.042	 3.14895e+06	 6.61258e+07	 6.61258e+07	 1.56013e+07	 6.61258e+07	 6.61258e+07	 
  0.0422	 2.97903e+06	 6.40932e+07	 6.40932e+07	 1.49418e+07	 6.40932e+07	 6.40932e+07	 
  0.0424	 2.81812e+06	 6.21195e+07	 6.21195e+07	 1.43094e+07	 6.21195e+07	 6.21195e+07	 
  0.0426	 2.66575e+06	 6.02032e+07	 6.02032e+07	 1.3703e+07	 6.02032e+07	 6.02032e+07	 
  0.0428	 2.52148e+06	 5.83427e+07	 5.83427e+07	 1.31216e+07	 5.83427e+07	 5.83427e+07	 
   0.043	 2.38488e+06	 5.65366e+07	 5.65366e+07	 1.25642e+07	 5.65366e+07	 5.65366e+07	 
  0.0432	 2.25555e+06	 5.47833e+07	 5.47833e+07	 1.20297e+07	 5.47833e+07	 5.47833e+07	 
  0.0434	 2.13312e+06	 5.30815e+07	 5.30815e+07	 1.15175e+07	 5.30815e+07	 5.30815e+07	 
  0.0436	 2.01723e+06	 5.14298e+07	 5.14298e+07	 1.10264e+07	 5.14298e+07	 5.14298e+07	 
  0.0438	 1.90753e+06	 4.98268e+07	 4.98268e+07	 1.05557e+07	 4.98268e+07	 4.98268e+07	 
   0.044	 1.8037e+06	 4.82712e+07	 4.82712e+07	 1.01046e+07	 4.82712e+07	 4.82712e+07	 
  0.0442	 1.70544e+06	 4.67617e+07	 4.67617e+07	 9.67225e+06	 4.67617e+07	 4.67617e+07	 
  0.0444	 1.61244e+06	 4.52971e+07	 4.52971e+07	 9.25794e+06	 4.52971e+07	 4.52971e+07	 
  0.0446	 1.52443e+06	 4.3876e+07	 4.3876e+07	 8.86092e+06	 4.3876e+07	 4.3876e+07	 
  0.0448	 1.44116e+06	 4.24974e+07	 4.24974e+07	 8.48051e+06	 4.24974e+07	 4.24974e+07	 
   0.045	 1.36236e+06	 4.116e+07	 4.116e+07	 8.11602e+06	 4.116e+07	 4.116e+07	 
  0.0452	 1.28781e+06	 3.98626e+07	 3.98626e+07	 7.76681e+06	 3.98626e+07	 3.98626e+07	 
  0.0454	 1.21727e+06	 3.86043e+07	 3.86043e+07	 7.43227e+06	 3.86043e+07	 3.86043e+07	 
  0.0456	 1.15054e+06	 3.73838e+07	 3.73838e+07	 7.11179e+06	 3.73838e+07	 3.73838e+07	 
  0.0458	 1.08742e+06	 3.62001e+07	 3.62001e+07	 6.8048e+06	 3.62001e+07	 3.62001e+07	 
   0.046	 1.02771e+06	 3.50522e+07	 3.50522e+07	 6.51076e+06	 3.50522e+07	 3.50522e+07	 
  0.0462	   971231	 3.3939e+07	 3.3939e+07	 6.22912e+06	 3.3939e+07	 3.3939e+07	 
  0.0464	   917812	 3.28596e+07	 3.28596e+07	 5.95939e+06	 3.28596e+07	 3.28596e+07	 
  0.0466	   867290	 3.18131e+07	 3.18131e+07	 5.70107e+06	 3.18131e+07	 3.18131e+07	 
  0.0468	   819510	 3.07984e+07	 3.07984e+07	 5.4537e+06	 3.07984e+07	 3.07984e+07	 
   0.047	   774327	 2.98147e+07	 2.98147e+07	 5.21683e+06	 2.98147e+07	 2.98147e+07	 
  0.0472	   731601	 2.88611e+07	 2.88611e+07	 4.99002e+06	 2.88611e+07	 2.88611e+07	 
  0.0474	   691201	 2.79368e+07	 2.79368e+07	 4.77285e+06	 2.79368e+07	 2.79368e+07	 
  0.0476	   653002	 2.70407e+07	 2.70407e+07	 4.56494e+06	 2.70407e+07	 2.70407e+07	 
  0.0478	   616886	 2.61723e+07	 2.61723e+07	 4.36588e+06	 2.61723e+07	 2.61723e+07	 
   0.048	   582742	 2.53306e+07	 2.53306e+07	 4.17533e+06	 2.53306e+07	 2.53306e+07	 
  0.0482	   550463	 2.45149e+07	 2.45149e+07	 3.99292e+06	 2.45149e+07	 2.45149e+07	 
  0.0484	   519949	 2.37244e+07	 2.37244e+07	 3.81831e+06	 2.37244e+07	 2.37244e+07	 
  0.0486	   491105	 2.29584e+07	 2.29584e+07	 3.65118e+06	 2.29584e+07	 2.29584e+07	 
  0.0488	   463842	 2.22162e+07	 2.22162e+07	 3.49122e+06	 2.22162e+07	 2.22162e+07	 
   0.049	   438073	 2.14971e+07	 2.14971e+07	 3.33813e+06	 2.14971e+07	 2.14971e+07	 
  0.0492	   413718	 2.08003e+07	 2.08003e+07	 3.19162e+06	 2.08003e+07	 2.08003e+07	 
  0.0494	   390700	 2.01253e+07	 2.01253e+07	 3.05141e+06	 2.01253e+07	 2.01253e+07	 
  0.0496	   368948	 1.94714e+07	 1.94714e+07	 2.91724e+06	 1.94714e+07	 1.94714e+07	 
  0.0498	   348392	 1.8838e+07	 1.8838e+07	 2.78886e+06	 1.8838e+07	 1.8838e+07	 
    0.05	   328968	 1.82244e+07	 1.82244e+07	 2.66602e+06	 1.82244e+07	 1.82244e+07	 
  0.0502	   310615	 1.763e+07	 1.763e+07	 2.54849e+06	 1.763e+07	 1.763e+07	 
  0.0504	   293273	 1.70544e+07	 1.70544e+07	 2.43604e+06	 1.70544e+07	 1.70544e+07	 
  0.0506	   276888	 1.64969e+07	 1.64969e+07	 2.32847e+06	 1.64969e+07	 1.64969e+07	 
  0.0508	   261409	 1.5957e+07	 1.5957e+07	 2.22556e+06	 1.5957e+07	 1.5957e+07	 
   0.051	   246785	 1.54341e+07	 1.54341e+07	 2.12711e+06	 1.54341e+07	 1.54341e+07	 
  0.0512	   232970	 1.49278e+07	 1.49278e+07	 2.03294e+06	 1.49278e+07	 1.49278e+07	 
  0.0514	   219919	 1.44375e+07	 1.44375e+07	 1.94286e+06	 1.44375e+07	 1.44375e+07	 
  0.0516	   207592	 1.39628e+07	 1.39628e+07	 1.85671e+06	 1.39628e+07	 1.39628e+07	 
  0.0518	   195948	 1.35032e+07	 1.35032e+07	 1.77431e+06	 1.35032e+07	 1.35032e+07	 
   0.052	   184951	 1.30583e+07	 1.30583e+07	 1.6955e+06	 1.30583e+07	 1.30583e+07	 
  0.0522	   174564	 1.26275e+07	 1.26275e+07	 1.62014e+06	 1.26275e+07	 1.26275e+07	 
  0.0524	   164754	 1.22104e+07	 1.22104e+07	 1.54806e+06	 1.22104e+07	 1.22104e+07	 
  0.0526	   155489	 1.18067e+07	 1.18067e+07	 1.47914e+06	 1.18067e+07	 1.18067e+07	 
  0.0528	   146740	 1.1416e+07	 1.1416e+07	 1.41324e+06	 1.1416e+07	 1.1416e+07	 
   0.053	   138479	 1.10377e+07	 1.10377e+07	 1.35023e+06	 1.10377e+07	 1.10377e+07	 
  0.0532	   130678	 1.06716e+07	 1.06716e+07	 1.28997e+06	 1.06716e+07	 1.06716e+07	 
  0.0534	   123311	 1.03173e+07	 1.03173e+07	 1.23237e+06	 1.03173e+07	 1.03173e+07	 
  0.0536	   116356	 9.97437e+06	 9.97437e+06	 1.17729e+06	 9.97437e+06	 9.97437e+06	 
  0.0538	   109789	 9.6425e+06	 9.6425e+06	 1.12464e+06	 9.6425e+06	 9.6425e+06	 
   0.054	   103589	 9.32135e+06	 9.32135e+06	 1.0743e+06	 9.32135e+06	 9.32135e+06	 
  0.0542	  97736.3	 9.01058e+06	 9.01058e+06	 1.02619e+06	 9.01058e+06	 9.01058e+06	 
  0.0544	  92210.7	 8.70987e+06	 8.70987e+06	   980191	 8.70987e+06	 8.70987e+06	 
  0.0546	  86994.4	 8.4189e+06	 8.4189e+06	   936225	 8.4189e+06	 8.4189e+06	 
  0.0548	  82070.4	 8.13738e+06	 8.13738e+06	   894201	 8.13738e+06	 8.13738e+06	 
   0.055	  77422.5	 7.865e+06	 7.865e+06	   854035	 7.865e+06	 7.865e+06	 
  0.0552	  73035.4	 7.60148e+06	 7.60148e+06	   815647	 7.60148e+06	 7.60148e+06	 
  0.0554	  68894.5	 7.34655e+06	 7.34655e+06	   778958	 7.34655e+06	 7.34655e+06	 
  0.0556	  64986.3	 7.09993e+06	 7.09993e+06	   743896	 7.09993e+06	 7.09993e+06	 
  0.0558	  61297.7	 6.86136e+06	 6.86136e+06	   710388	 6.86136e+06	 6.86136e+06	 
   0.056	  57816.6	 6.63059e+06	 6.63059e+06	   678369	 6.63059e+06	 6.63059e+06	 
  0.0562	  54531.4	 6.40737e+06	 6.40737e+06	   647771	 6.40737e+06	 6.40737e+06	 
  0.0564	  51431.2	 6.19147e+06	 6.19147e+06	   618535	 6.19147e+06	 6.19147e+06	 
  0.0566	  48505.7	 5.98265e+06	 5.98265e+06	   590599	 5.98265e+06	 5.98265e+06	 
  0.0568	  45745.1	 5.78069e+06	 5.78069e+06	   563907	 5.78069e+06	 5.78069e+06	 
   0.057	  43140.3	 5.58538e+06	 5.58538e+06	   538405	 5.58538e+06	 5.58538e+06	 
  0.0572	  40682.6	 5.39649e+06	 5.39649e+06	   514041	 5.39649e+06	 5.39649e+06	 
  0.0574	  38363.6	 5.21383e+06	 5.21383e+06	   490764	 5.21383e+06	 5.21383e+06	 
  0.0576	  36175.7	 5.03719e+06	 5.03719e+06	   468527	 5.03719e+06	 5.03719e+06	 
  0.0578	  34111.6	 4.86639e+06	 4.86639e+06	   447284	 4.86639e+06	 4.86639e+06	 
   0.058	  32164.2	 4.70123e+06	 4.70123e+06	   426991	 4.70123e+06	 4.70123e+06	 
  0.0582	  30327.1	 4.54155e+06	 4.54155e+06	   407607	 4.54155e+06	 4.54155e+06	 
  0.0584	  28594.1	 4.38715e+06	 4.38715e+06	   389092	 4.38715e+06	 4.38715e+06	 
  0.0586	  26959.3	 4.23788e+06	 4.23788e+06	   371406	 4.23788e+06	 4.23788e+06	 
  0.0588	  25417.2	 4.09357e+06	 4.09357e+06	   354514	 4.09357e+06	 4.09357e+06	 
   0.059	  23962.6	 3.95405e+06	 3.95405e+06	   338381	 3.95405e+06	 3.95405e+06	 
  0.0592	  22590.5	 3.81917e+06	 3.81917e+06	   322972	 3.81917e+06	 3.81917e+06	 
  0.0594	  21296.4	 3.68879e+06	 3.68879e+06	   308257	 3.68879e+06	 3.68879e+06	 
  0.0596	  20075.9	 3.56276e+06	 3.56276e+06	   294203	 3.56276e+06	 3.56276e+06	 
  0.0598	  18924.8	 3.44093e+06	 3.44093e+06	   280783	 3.44093e+06	 3.44093e+06	 
    0.06	  17839.2	 3.32318e+06	 3.32318e+06	   267967	 3.32318e+06	 3.32318e+06	 
  0.0602	  16815.3	 3.20936e+06	 3.20936e+06	   255729	 3.20936e+06	 3.20936e+06	 
  0.0604	  15849.8	 3.09936e+06	 3.09936e+06	   244043	 3.09936e+06	 3.09936e+06	 
  0.0606	  14939.3	 2.99304e+06	 2.99304e+06	   232884	 2.99304e+06	 2.99304e+06	 
  0.0608	  14080.7	 2.89029e+06	 2.89029e+06	   222230	 2.89029e+06	 2.89029e+06	 
   0.061	  13271.1	 2.79099e+06	 2.79099e+06	   212058	 2.79099e+06	 2.79099e+06	 
  0.0612	  12507.7	 2.69503e+06	 2.69503e+06	   202346	 2.69503e+06	 2.69503e+06	 
  0.0614	  11787.9	 2.60229e+06	 2.60229e+06	   193073	 2.60229e+06	 2.60229e+06	 
  0.0616	  11109.2	 2.51268e+06	 2.51268e+06	   184220	 2.51268e+06	 2.51268e+06	 
  0.0618	  10469.3	 2.42609e+06	 2.42609e+06	   175769	 2.42609e+06	 2.42609e+06	 
   0.062	  9866.02	 2.34242e+06	 2.34242e+06	   167701	 2.34242e+06	 2.34242e+06	 
  0.0622	  9297.24	 2.26158e+06	 2.26158e+06	   159999	 2.26158e+06	 2.26158e+06	 
  0.0624	  8761.02	 2.18346e+06	 2.18346e+06	   152647	 2.18346e+06	 2.18346e+06	 
  0.0626	   8255.5	 2.108e+06	 2.108e+06	   145629	 2.108e+06	 2.108e+06	 
  0.0628	  7778.96	 2.03508e+06	 2.03508e+06	   138931	 2.03508e+06	 2.03508e+06	 
   0.063	  7329.73	 1.96464e+06	 1.96464e+06	   132537	 1.96464e+06	 1.96464e+06	 
  0.0632	  6906.27	 1.89659e+06	 1.89659e+06	   126434	 1.89659e+06	 1.89659e+06	 
  0.0634	   6507.1	 1.83085e+06	 1.83085e+06	   120609	 1.83085e+06	 1.83085e+06	 
  0.0636	  6130.85	 1.76734e+06	 1.76734e+06	   115049	 1.76734e+06	 1.76734e+06	 
  0.0638	  5776.21	 1.70599e+06	 1.70599e+06	   109743	 1.70599e+06	 1.70599e+06	 
   0.064	  5441.95	 1.64673e+06	 1.64673e+06	   104679	 1.64673e+06	 1.64673e+06	 
  0.0642	   5126.9	 1.58949e+06	 1.58949e+06	  99846.9	 1.58949e+06	 1.58949e+06	 
  0.0644	  4829.98	 1.5342e+06	 1.5342e+06	  95235.1	 1.5342e+06	 1.5342e+06	 
  0.0646	  4550.13	 1.4808e+06	 1.4808e+06	  90834.2	 1.4808e+06	 1.4808e+06	 
  0.0648	   4286.4	 1.42922e+06	 1.42922e+06	  86634.5	 1.42922e+06	 1.42922e+06	 
   0.065	  4037.85	 1.3794e+06	 1.3794e+06	  82627.1	 1.3794e+06	 1.3794e+06	 
  0.0652	  3803.63	 1.33129e+06	 1.33129e+06	  78803.1	 1.33129e+06	 1.33129e+06	 
  0.0654	   3582.9	 1.28483e+06	 1.28483e+06	  75154.4	 1.28483e+06	 1.28483e+06	 
  0.0656	   3374.9	 1.23996e+06	 1.23996e+06	  71672.9	 1.23996e+06	 1.23996e+06	 
  0.0658	   3178.9	 1.19662e+06	 1.19662e+06	  68351.1	 1.19662e+06	 1.19662e+06	 
   0.066	  2994.22	 1.15478e+06	 1.15478e+06	  65181.8	 1.15478e+06	 1.15478e+06	 
  0.0662	   2820.2	 1.11437e+06	 1.11437e+06	    62158	 1.11437e+06	 1.11437e+06	 
  0.0664	  2656.23	 1.07535e+06	 1.07535e+06	  59273.1	 1.07535e+06	 1.07535e+06	 
  0.0666	  2501.73	 1.03767e+06	 1.03767e+06	  56520.8	 1.03767e+06	 1.03767e+06	 
  0.0668	  2356.17	 1.00129e+06	 1.00129e+06	  53895.2	 1.00129e+06	 1.00129e+06	 
   0.067	  2219.02	   966163	   966163	  51390.3	   966163	   966163	 
  0.0672	  2089.81	   932248	   932248	  49000.8	   932248	   932248	 
  0.0674	  1968.08	   899502	   899502	  46721.3	   899502	   899502	 
  0.0676	   1853.4	   867887	   867887	  44546.9	   867887	   867887	 
  0.0678	  1745.37	   837365	   837365	  42472.8	   837365	   837365	 
   0.068	  1643.59	   807898	   807898	  40494.3	   807898	   807898	 
  0.0682	  1547.71	   779450	   779450	  38607.2	   779450	   779450	 
  0.0684	   1457.4	   751988	   751988	  36807.2	   751988	   751988	 
  0.0686	  1372.32	   725478	   725478	  35090.4	   725478	   725478	 
  0.0688	  1292.19	   699887	   699887	    33453	   699887	   699887	 
   0.069	   1216.7	   675185	   675185	  31891.3	   675185	   675185	 
  0.0692	   1145.6	   651340	   651340	  30401.9	   651340	   651340	 
  0.0694	  1078.64	   628324	   628324	  28981.4	   628324	   628324	 
  0.0696	  1015.56	   606108	   606108	  27626.7	   606108	   606108	 
  0.0698	  956.158	   584666	   584666	  26334.8	   584666	   584666	 
    0.07	  900.208	   563970	   563970	  25102.8	   563970	   563970	 
  0.0702	  847.515	   543996	   543996	    23928	   543996	   543996	 
  0.0704	  797.889	   524718	   524718	  22807.6	   524718	   524718	 
  0.0706	  751.154	   506113	   506113	  21739.3	   506113	   506113	 
  0.0708	  707.141	   488157	   488157	  20720.6	   488157	   488157	 
   0.071	  665.694	   470829	   470829	  19749.3	   470829	   470829	 
  0.0712	  626.664	   454107	   454107	  18823.1	   454107	   454107	 
  0.0714	   589.91	   437970	   437970	    17940	   437970	   437970	 
  0.0716	    555.3	   422398	   422398	    17098	   422398	   422398	 
  0.0718	  522.711	   407372	   407372	  16295.2	   407372	   407372	 
   0.072	  492.024	   392872	   392872	  15529.8	   392872	   392872	 
  0.0722	   463.13	   378881	   378881	    14800	   378881	   378881	 
  0.0724	  435.924	   365381	   365381	  14104.3	   365381	   365381	 
  0.0726	  410.309	   352356	   352356	    13441	   352356	   352356	 
  0.0728	  386.191	   339788	   339788	  12808.7	   339788	   339788	 
   0.073	  363.483	   327662	   327662	  12205.9	   327662	   327662	 
  0.0732	  342.104	   315962	   315962	  11631.2	   315962	   315962	 
  0.0734	  321.977	   304675	   304675	  11083.4	   304675	   304675	 
  0.0736	  303.028	   293785	   293785	  10561.2	   293785	   293785	 
  0.0738	  285.189	   283279	   283279	  10063.4	   283279	   283279	 
   0.074	  268.395	   273144	   273144	   9588.9	   273144	   273144	 
  0.0742	  252.585	   263367	   263367	   9136.6	   263367	   263367	 
  0.0744	  237.702	   253934	   253934	  8705.49	   253934	   253934	 
  0.0746	  223.692	   244835	   244835	  8294.56	   244835	   244835	 
  0.0748	  210.504	   236058	   236058	  7902.89	   236058	   236058	 
   0.075	  198.089	   227591	   227591	  7529.58	   227591	   227591	 
  0.0752	  186.404	   219424	   219424	  7173.78	   219424	   219424	 
  0.0754	  175.404	   211547	   211547	  6834.67	   211547	   211547	 
  0.0756	  165.051	   203948	   203948	  6511.47	   203948	   203948	 
  0.0758	  155.306	   196619	   196619	  6203.45	   196619	   196619	 
   0.076	  146.134	   189550	   189550	   5909.9	   189550	   189550	 
  0.0762	  137.501	   182731	   182731	  5630.14	   182731	   182731	 
  0.0764	  129.376	   176155	   176155	  5363.53	   176155	   176155	 
  0.0766	  121.728	   169813	   169813	  5109.46	   169813	   169813	 
  0.0768	  114.531	   163696	   163696	  4867.34	   163696	   163696	 
   0.077	  107.758	   157797	   157797	  4636.61	   157797	   157797	 
  0.0772	  101.383	   152108	   152108	  4416.75	   152108	   152108	 
  0.0774	  95.3838	   146621	   146621	  4207.25	   146621	   146621	 
  0.0776	  89.7381	   141330	   141330	  4007.61	   141330	   141330	 
  0.0778	  84.4251	   136227	   136227	  3817.38	   136227	   136227	 
   0.078	  79.4253	   131307	   131307	  3636.13	   131307	   131307	 
  0.0782	  74.7204	   126562	   126562	  3463.42	   126562	   126562	 
  0.0784	   70.293	   121986	   121986	  3298.86	   121986	   121986	 
  0.0786	  66.1268	   117574	   117574	  3142.07	   117574	   117574	 
  0.0788	  62.2065	   113320	   113320	  2992.68	   113320	   113320	 
   0.079	  58.5177	   109218	   109218	  2850.35	   109218	   109218	 
  0.0792	  55.0467	   105262	   105262	  2714.75	   105262	   105262	 
  0.0794	  51.7808	   101449	   101449	  2585.55	   101449	   101449	 
  0.0796	  48.7078	  97771.4	  97771.4	  2462.47	  97771.4	  97771.4	 
  0.0798	  45.8165	  94225.9	  94225.9	  2345.21	  94225.9	  94225.9	 
    0.08	  43.0961	  90807.6	  90807.6	  2233.49	  90807.6	  90807.6	 
  0.0802	  40.5366	  87511.9	  87511.9	  2127.07	  87511.9	  87511.9	 
  0.0804	  38.1284	  84334.5	  84334.5	  2025.68	  84334.5	  84334.5	 
  0.0806	  35.8628	  81271.1	  81271.1	   1929.1	  81271.1	  81271.1	 
  0.0808	  33.7313	  78317.8	  78317.8	  1837.09	  78317.8	  78317.8	 
   0.081	   31.726	  75470.7	  75470.7	  1749.45	  75470.7	  75470.7	 
  0.0812	  29.8394	  72725.9	  72725.9	  1665.96	  72725.9	  72725.9	 
  0.0814	  28.0645	  70079.8	  70079.8	  1586.43	  70079.8	  70079.8	 
  0.0816	  26.3949	    67529	    67529	  1510.67	    67529	    67529	 
  0.0818	  24.8242	  65070.1	  65070.1	  1438.51	  65070.1	  65070.1	 
   0.082	  23.3466	  62699.7	  62699.7	  1369.78	  62699.7	  62699.7	 
  0.0822	  21.9566	  60414.7	  60414.7	  1304.31	  60414.7	  60414.7	 
  0.0824	   20.649	  58212.2	  58212.2	  1241.96	  58212.2	  58212.2	 
  0.0826	  19.4191	  56089.1	  56089.1	  1182.56	  56089.1	  56089.1	 
  0.0828	  18.2621	  54042.6	  54042.6	  1125.99	  54042.6	  54042.6	 
   0.083	  17.1738	    52070	    52070	  1072.11	    52070	    52070	 
  0.0832	  16.1501	  50168.7	  50168.7	   1020.8	  50168.7	  50168.7	 
  0.0834	  15.1872	  48336.1	  48336.1	  971.923	  48336.1	  48336.1	 
  0.0836	  14.2815	  46569.7	  46569.7	  925.376	  46569.7	  46569.7	 
  0.0838	  13.4296	  44867.3	  44867.3	  881.046	  44867.3	  44867.3	 
   0.084	  12.6284	  43226.4	  43226.4	  838.827	  43226.4	  43226.4	 
  0.0842	  11.8748	    41645	    41645	   798.62	    41645	    41645	 
  0.0844	   11.166	  40120.8	  40120.8	  760.329	  40120.8	  40120.8	 
  0.0846	  10.4993	  38651.9	  38651.9	  723.865	  38651.9	  38651.9	 
  0.0848	  9.87234	  37236.2	  37236.2	  689.139	  37236.2	  37236.2	 
   0.085	  9.28266	  35871.9	  35871.9	   656.07	  35871.9	  35871.9	 
  0.0852	  8.72808	    34557	    34557	  624.579	    34557	    34557	 
  0.0854	  8.20652	  33289.9	  33289.9	  594.592	  33289.9	  33289.9	 
  0.0856	  7.71602	  32068.8	  32068.8	  566.037	  32068.8	  32068.8	 
  0.0858	  7.25473	  30892.1	  30892.1	  538.845	  30892.1	  30892.1	 
   0.086	  6.82093	  29758.1	  29758.1	  512.953	  29758.1	  29758.1	 
  0.0862	  6.41298	  28665.4	  28665.4	  488.299	  28665.4	  28665.4	 
  0.0864	  6.02934	  27612.4	  27612.4	  464.823	  27612.4	  27612.4	 
  0.0866	  5.66858	  26597.7	  26597.7	   442.47	  26597.7	  26597.7	 
  0.0868	  5.32933	    25620	    25620	  421.186	    25620	    25620	 
   0.087	  5.01031	  24677.8	  24677.8	  400.921	  24677.8	  24677.8	 
  0.0872	  4.71033	    23770	    23770	  381.626	    23770	    23770	 
  0.0874	  4.42825	  22895.3	  22895.3	  363.254	  22895.3	  22895.3	 
  0.0876	  4.16301	  22052.5	  22052.5	  345.763	  22052.5	  22052.5	 
  0.0878	   3.9136	  21240.4	  21240.4	  329.109	  21240.4	  21240.4	 
   0.088	  3.67908	    20458	    20458	  313.254	    20458	    20458	 
  0.0882	  3.45857	  19704.1	  19704.1	  298.158	  19704.1	  19704.1	 
  0.0884	  3.25124	  18977.7	  18977.7	  283.787	  18977.7	  18977.7	 
  0.0886	  3.05629	  18277.9	  18277.9	  270.104	  18277.9	  18277.9	 
  0.0888	    2.873	  17603.7	  17603.7	  257.078	  17603.7	  17603.7	 
   0.089	  2.70067	  16954.1	  16954.1	  244.677	  16954.1	  16954.1	 
  0.0892	  2.53863	  16328.3	  16328.3	  232.872	  16328.3	  16328.3	 
  0.0894	  2.38629	  15725.3	  15725.3	  221.633	  15725.3	  15725.3	 
  0.0896	  2.24307	  15144.5	  15144.5	  210.934	  15144.5	  15144.5	 
  0.0898	  2.10841	  14584.9	  14584.9	  200.749	  14584.9	  14584.9	 
    0.09	  1.98181	  14045.8	  14045.8	  191.053	  14045.8	  14045.8	 
  0.0902	  1.86279	  13526.5	  13526.5	  181.823	  13526.5	  13526.5	 
  0.0904	  1.75089	  13026.2	  13026.2	  173.038	  13026.2	  13026.2	 
  0.0906	   1.6457	  12544.2	  12544.2	  164.674	  12544.2	  12544.2	 
  0.0908	  1.54681	    12080	    12080	  156.713	    12080	    12080	 
   0.091	  1.45384	  11632.8	  11632.8	  149.135	  11632.8	  11632.8	 
  0.0912	  1.36644	    11202	    11202	  141.922	    11202	    11202	 
  0.0914	  1.28428	    10787	    10787	  135.056	    10787	    10787	 
  0.0916	  1.20705	  10387.2	  10387.2	  128.521	  10387.2	  10387.2	 
  0.0918	  1.13444	  10002.2	  10002.2	    122.3	  10002.2	  10002.2	 
   0.092	   1.0662	  9631.29	  9631.29	  116.379	  9631.29	  9631.29	 
  0.0922	  1.00204	  9274.05	  9274.05	  110.744	  9274.05	  9274.05	 
  0.0924	 0.941733	  8929.94	  8929.94	   105.38	  8929.94	  8929.94	 
  0.0926	 0.885046	   8598.5	   8598.5	  100.275	   8598.5	   8598.5	 
  0.0928	 0.831761	  8279.27	  8279.27	  95.4155	  8279.27	  8279.27	 
   0.093	 0.781675	  7971.79	  7971.79	  90.7909	  7971.79	  7971.79	 
  0.0932	 0.734596	  7675.64	  7675.64	  86.3894	  7675.64	  7675.64	 
  0.0934	 0.690344	   7390.4	   7390.4	  82.2004	   7390.4	   7390.4	 
  0.0936	 0.648751	  7115.69	  7115.69	  78.2136	  7115.69	  7115.69	 
  0.0938	 0.609656	   6851.1	   6851.1	  74.4193	   6851.1	   6851.1	 
   0.094	 0.572911	  6596.28	  6596.28	  70.8082	  6596.28	  6596.28	 
  0.0942	 0.538374	  6350.86	  6350.86	  67.3717	  6350.86	  6350.86	 
  0.0944	 0.505913	   6114.5	   6114.5	  64.1012	   6114.5	   6114.5	 
  0.0946	 0.475404	  5886.87	  5886.87	  60.9887	  5886.87	  5886.87	 
  0.0948	  0.44673	  5667.65	  5667.65	  58.0268	  5667.65	  5667.65	 
   0.095	 0.419781	  5456.53	  5456.53	  55.2081	  5456.53	  5456.53	 
  0.0952	 0.394453	  5253.22	  5253.22	  52.5257	  5253.22	  5253.22	 
  0.0954	 0.370648	  5057.42	  5057.42	  49.9731	  5057.42	  5057.42	 
  0.0956	 0.348277	  4868.87	  4868.87	   47.544	  4868.87	  4868.87	 
  0.0958	 0.327252	  4687.29	  4687.29	  45.2325	  4687.29	  4687.29	 
   0.096	 0.307493	  4512.44	  4512.44	  43.0329	  4512.44	  4512.44	 
  0.0962	 0.288924	  4344.06	  4344.06	  40.9399	  4344.06	  4344.06	 
  0.0964	 0.271473	  4181.92	  4181.92	  38.9482	  4181.92	  4181.92	 
  0.0966	 0.255073	  4025.78	  4025.78	   37.053	  4025.78	  4025.78	 
  0.0968	 0.239661	  3875.44	  3875.44	  35.2496	  3875.44	  3875.44	 
   0.097	 0.225179	  3730.66	  3730.66	  33.5337	  3730.66	  3730.66	 
  0.0972	 0.211569	  3591.26	  3591.26	  31.9009	  3591.26	  3591.26	 
  0.0974	 0.198779	  3457.03	  3457.03	  30.3474	  3457.03	  3457.03	 
  0.0976	 0.186761	  3327.78	  3327.78	  28.8692	  3327.78	  3327.78	 
  0.0978	 0.175467	  3203.33	  3203.33	  27.4627	  3203.33	  3203.33	 
   0.098	 0.164855	   3083.5	   3083.5	  26.1244	   3083.5	   3083.5	 
  0.0982	 0.154882	  2968.12	  2968.12	  24.8511	  2968.12	  2968.12	 
  0.0984	 0.145512	  2857.02	  2857.02	  23.6396	  2857.02	  2857.02	 
  0.0986	 0.136707	  2750.06	  2750.06	   22.487	  2750.06	  2750.06	 
  0.0988	 0.128433	  2647.07	  2647.07	  21.3903	  2647.07	  2647.07	 
   0.099	 0.120659	  2547.92	  2547.92	  20.3469	  2547.92	  2547.92	 
  0.0992	 0.113354	  2452.45	  2452.45	  19.3542	  2452.45	  2452.45	 
  0.0994	 0.106491	  2360.53	  2360.53	  18.4098	  2360.53	  2360.53	 
  0.0996	 0.100042	  2272.04	  2272.04	  17.5112	  2272.04	  2272.04	 
  0.0998	 0.0939822	  2186.84	  2186.84	  16.6564	  2186.84	  2186.84	 
     0.1	 0.0882888	  2104.81	  2104.81	  15.8431	  2104.81	  2104.81	 
