       0	        0	        0	        0	        0	        0	        0	 
  0.0002	 4.40373e+06	 1.20523e+06	 1.20523e+06	 2.94798e+06	 1.20523e+06	 1.20523e+06	 
  0.0004	 2.39045e+07	 6.05902e+06	 6.05902e+06	 1.48088e+07	 6.05902e+06	 6.05902e+06	 
  0.0006	 6.26168e+07	 1.53144e+07	 1.53144e+07	 3.72482e+07	 1.53144e+07	 1.53144e+07	 
  0.0008	 1.21715e+08	 2.92099e+07	 2.92099e+07	 7.05828e+07	 2.92099e+07	 2.92099e+07	 
   0.001	 2.0091e+08	 4.7749e+07	 4.7749e+07	 1.14525e+08	 4.7749e+07	 4.7749e+07	 
  0.0012	 2.9906e+08	 7.07983e+07	 7.07983e+07	 1.6845e+08	 7.07983e+07	 7.07983e+07	 
  0.0014	 4.14502e+08	 9.81381e+07	 9.81381e+07	 2.3154e+08	 9.81381e+07	 9.81381e+07	 
  0.0016	 5.45274e+08	 1.29494e+08	 1.29494e+08	 3.02866e+08	 1.29494e+08	 1.29494e+08	 
  0.0018	 6.89254e+08	 1.64555e+08	 1.64555e+08	 3.81442e+08	 1.64555e+08	 1.64555e+08	 
   0.002	 8.44266e+08	 2.02992e+08	 2.02992e+08	 4.66268e+08	 2.02992e+08	 2.02992e+08	 
  0.0022	 1.00815e+09	 2.44463e+08	 2.44463e+08	 5.5635e+08	 2.44463e+08	 2.44463e+08	 
  0.0024	 1.1788e+09	 2.88624e+08	 2.88624e+08	 6.5072e+08	 2.88624e+08	 2.88624e+08	 
  0.0026	 1.35422e+09	 3.35133e+08	 3.35133e+08	 7.4845e+08	 3.35133e+08	 3.35133e+08	 
  0.0028	 1.53254e+09	 3.83656e+08	 3.83656e+08	 8.48662e+08	 3.83656e+08	 3.83656e+08	 
   0.003	 1.71202e+09	 4.33868e+08	 4.33868e+08	 9.50529e+08	 4.33868e+08	 4.33868e+08	 
  0.0032	 1.89106e+09	 4.85454e+08	 4.85454e+08	 1.05328e+09	 4.85454e+08	 4.85454e+08	 
  0.0034	 2.06822e+09	 5.38117e+08	 5.38117e+08	 1.15621e+09	 5.38117e+08	 5.38117e+08	 
  0.0036	 2.2422e+09	 5.91571e+08	 5.91571e+08	 1.25866e+09	 5.91571e+08	 5.91571e+08	 
  0.0038	 2.41186e+09	 6.45547e+08	 6.45547e+08	 1.36005e+09	 6.45547e+08	 6.45547e+08	 
   0.004	 2.57619e+09	 6.99793e+08	 6.99793e+08	 1.45983e+09	 6.99793e+08	 6.99793e+08	 
  0.0042	 2.73433e+09	 7.54071e+08	 7.54071e+08	 1.55753e+09	 7.54071e+08	 7.54071e+08	 
  0.0044	 2.88554e+09	 8.08163e+08	 8.08163e+08	 1.65272e+09	 8.08163e+08	 8.08163e+08	 
  0.0046	 3.0292e+09	 8.61864e+08	 8.61864e+08	 1.74503e+09	 8.61864e+08	 8.61864e+08	 
  0.0048	 3.16481e+09	 9.14985e+08	 9.14985e+08	 1.83413e+09	 9.14985e+08	 9.14985e+08	 
   0.005	 3.29197e+09	 9.67354e+08	 9.67354e+08	 1.91975e+09	 9.67354e+08	 9.67354e+08	 
  0.0052	 3.41038e+09	 1.01881e+09	 1.01881e+09	 2.00164e+09	 1.01881e+09	 1.01881e+09	 
  0.0054	 3.51983e+09	 1.06922e+09	 1.06922e+09	 2.07961e+09	 1.06922e+09	 1.06922e+09	 
  0.0056	 3.62018e+09	 1.11845e+09	 1.11845e+09	 2.15349e+09	 1.11845e+09	 1.11845e+09	 
  0.0058	 3.71137e+09	 1.16637e+09	 1.16637e+09	 2.22317e+09	 1.16637e+09	 1.16637e+09	 
   0.006	 3.79342e+09	 1.2129e+09	 1.2129e+09	 2.28855e+09	 1.2129e+09	 1.2129e+09	 
  0.0062	 3.86637e+09	 1.25794e+09	 1.25794e+09	 2.34956e+09	 1.25794e+09	 1.25794e+09	 
  0.0064	 3.93035e+09	 1.3014e+09	 1.3014e+09	 2.40616e+09	 1.3014e+09	 1.3014e+09	 
  0.0066	 3.98551e+09	 1.34323e+09	 1.34323e+09	 2.45835e+09	 1.34323e+09	 1.34323e+09	 
  0.0068	 4.03206e+09	 1.38336e+09	 1.38336e+09	 2.50612e+09	 1.38336e+09	 1.38336e+09	 
   0.007	 4.07021e+09	 1.42175e+09	 1.42175e+09	 2.54952e+09	 1.42175e+09	 1.42175e+09	 
  0.0072	 4.10024e+09	 1.45835e+09	 1.45835e+09	 2.58857e+09	 1.45835e+09	 1.45835e+09	 
  0.0074	 4.12242e+09	 1.49313e+09	 1.49313e+09	 2.62336e+09	 1.49313e+09	 1.49313e+09	 
  0.0076	 4.13706e+09	 1.52608e+09	 1.52608e+09	 2.65394e+09	 1.52608e+09	 1.52608e+09	 
  0.0078	 4.14447e+09	 1.55718e+09	 1.55718e+09	 2.68041e+09	 1.55718e+09	 1.55718e+09	 
   0.008	 4.14498e+09	 1.58641e+09	 1.58641e+09	 2.70287e+09	 1.58641e+09	 1.58641e+09	 
  0.0082	 4.13894e+09	 1.61377e+09	 1.61377e+09	 2.72142e+09	 1.61377e+09	 1.61377e+09	 
  0.0084	 4.12668e+09	 1.63928e+09	 1.63928e+09	 2.73618e+09	 1.63928e+09	 1.63928e+09	 
  0.0086	 4.10855e+09	 1.66293e+09	 1.66293e+09	 2.74727e+09	 1.66293e+09	 1.66293e+09	 
  0.0088	 4.08489e+09	 1.68475e+09	 1.68475e+09	 2.75482e+09	 1.68475e+09	 1.68475e+09	 
   0.009	 4.05607e+09	 1.70474e+09	 1.70474e+09	 2.75897e+09	 1.70474e+09	 1.70474e+09	 
  0.0092	 4.02241e+09	 1.72294e+09	 1.72294e+09	 2.75984e+09	 1.72294e+09	 1.72294e+09	 
  0.0094	 3.98426e+09	 1.73936e+09	 1.73936e+09	 2.75757e+09	 1.73936e+09	 1.73936e+09	 
  0.0096	 3.94194e+09	 1.75405e+09	 1.75405e+09	 2.75231e+09	 1.75405e+09	 1.75405e+09	 
  0.0098	 3.89579e+09	 1.76702e+09	 1.76702e+09	 2.74419e+09	 1.76702e+09	 1.76702e+09	 
    0.01	 3.84612e+09	 1.77831e+09	 1.77831e+09	 2.73336e+09	 1.77831e+09	 1.77831e+09	 
  0.0102	 3.79324e+09	 1.78797e+09	 1.78797e+09	 2.71995e+09	 1.78797e+09	 1.78797e+09	 
  0.0104	 3.73744e+09	 1.79603e+09	 1.79603e+09	 2.7041e+09	 1.79603e+09	 1.79603e+09	 
  0.0106	 3.67902e+09	 1.80253e+09	 1.80253e+09	 2.68596e+09	 1.80253e+09	 1.80253e+09	 
  0.0108	 3.61824e+09	 1.80751e+09	 1.80751e+09	 2.66566e+09	 1.80751e+09	 1.80751e+09	 
   0.011	 3.55538e+09	 1.81102e+09	 1.81102e+09	 2.64333e+09	 1.81102e+09	 1.81102e+09	 
  0.0112	 3.49068e+09	 1.81311e+09	 1.81311e+09	 2.6191e+09	 1.81311e+09	 1.81311e+09	 
  0.0114	 3.4244e+09	 1.81381e+09	 1.81381e+09	 2.59311e+09	 1.81381e+09	 1.81381e+09	 
  0.0116	 3.35675e+09	 1.81319e+09	 1.81319e+09	 2.56547e+09	 1.81319e+09	 1.81319e+09	 
  0.0118	 3.28797e+09	 1.81127e+09	 1.81127e+09	 2.53632e+09	 1.81127e+09	 1.81127e+09	 
   0.012	 3.21825e+09	 1.80811e+09	 1.80811e+09	 2.50576e+09	 1.80811e+09	 1.80811e+09	 
  0.0122	 3.14779e+09	 1.80376e+09	 1.80376e+09	 2.47392e+09	 1.80376e+09	 1.80376e+09	 
  0.0124	 3.07679e+09	 1.79827e+09	 1.79827e+09	 2.44091e+09	 1.79827e+09	 1.79827e+09	 
  0.0126	 3.0054e+09	 1.79168e+09	 1.79168e+09	 2.40683e+09	 1.79168e+09	 1.79168e+09	 
  0.0128	 2.93379e+09	 1.78403e+09	 1.78403e+09	 2.37179e+09	 1.78403e+09	 1.78403e+09	 
   0.013	 2.86212e+09	 1.77539e+09	 1.77539e+09	 2.33589e+09	 1.77539e+09	 1.77539e+09	 
  0.0132	 2.79053e+09	 1.76578e+09	 1.76578e+09	 2.29922e+09	 1.76578e+09	 1.76578e+09	 
  0.0134	 2.71915e+09	 1.75526e+09	 1.75526e+09	 2.26188e+09	 1.75526e+09	 1.75526e+09	 
  0.0136	 2.6481e+09	 1.74388e+09	 1.74388e+09	 2.22395e+09	 1.74388e+09	 1.74388e+09	 
  0.0138	 2.57749e+09	 1.73168e+09	 1.73168e+09	 2.18553e+09	 1.73168e+09	 1.73168e+09	 
   0.014	 2.50743e+09	 1.7187e+09	 1.7187e+09	 2.14668e+09	 1.7187e+09	 1.7187e+09	 
  0.0142	 2.43801e+09	 1.70498e+09	 1.70498e+09	 2.10749e+09	 1.70498e+09	 1.70498e+09	 
  0.0144	 2.36933e+09	 1.69057e+09	 1.69057e+09	 2.06802e+09	 1.69057e+09	 1.69057e+09	 
  0.0146	 2.30146e+09	 1.67551e+09	 1.67551e+09	 2.02836e+09	 1.67551e+09	 1.67551e+09	 
  0.0148	 2.23446e+09	 1.65984e+09	 1.65984e+09	 1.98856e+09	 1.65984e+09	 1.65984e+09	 
   0.015	 2.16842e+09	 1.6436e+09	 1.6436e+09	 1.94868e+09	 1.6436e+09	 1.6436e+09	 
  0.0152	 2.10338e+09	 1.62683e+09	 1.62683e+09	 1.90879e+09	 1.62683e+09	 1.62683e+09	 
  0.0154	 2.03939e+09	 1.60956e+09	 1.60956e+09	 1.86893e+09	 1.60956e+09	 1.60956e+09	 
  0.0156	 1.97651e+09	 1.59183e+09	 1.59183e+09	 1.82917e+09	 1.59183e+09	 1.59183e+09	 
  0.0158	 1.91477e+09	 1.57368e+09	 1.57368e+09	 1.78954e+09	 1.57368e+09	 1.57368e+09	 
   0.016	 1.8542e+09	 1.55514e+09	 1.55514e+09	 1.7501e+09	 1.55514e+09	 1.55514e+09	 
  0.0162	 1.79484e+09	 1.53624e+09	 1.53624e+09	 1.71088e+09	 1.53624e+09	 1.53624e+09	 
  0.0164	 1.73671e+09	 1.51702e+09	 1.51702e+09	 1.67193e+09	 1.51702e+09	 1.51702e+09	 
  0.0166	 1.67983e+09	 1.49751e+09	 1.49751e+09	 1.63328e+09	 1.49751e+09	 1.49751e+09	 
  0.0168	 1.62422e+09	 1.47774e+09	 1.47774e+09	 1.59497e+09	 1.47774e+09	 1.47774e+09	 
   0.017	 1.56988e+09	 1.45774e+09	 1.45774e+09	 1.55703e+09	 1.45774e+09	 1.45774e+09	 
  0.0172	 1.51683e+09	 1.43753e+09	 1.43753e+09	 1.51948e+09	 1.43753e+09	 1.43753e+09	 
  0.0174	 1.46507e+09	 1.41714e+09	 1.41714e+09	 1.48236e+09	 1.41714e+09	 1.41714e+09	 
  0.0176	 1.4146e+09	 1.3966e+09	 1.3966e+09	 1.44569e+09	 1.3966e+09	 1.3966e+09	 
  0.0178	 1.36542e+09	 1.37593e+09	 1.37593e+09	 1.40948e+09	 1.37593e+09	 1.37593e+09	 
   0.018	 1.31753e+09	 1.35516e+09	 1.35516e+09	 1.37377e+09	 1.35516e+09	 1.35516e+09	 
  0.0182	 1.27093e+09	 1.33431e+09	 1.33431e+09	 1.33856e+09	 1.33431e+09	 1.33431e+09	 
  0.0184	 1.2256e+09	 1.3134e+09	 1.3134e+09	 1.30387e+09	 1.3134e+09	 1.3134e+09	 
  0.0186	 1.18153e+09	 1.29245e+09	 1.29245e+09	 1.26973e+09	 1.29245e+09	 1.29245e+09	 
  0.0188	 1.13871e+09	 1.27149e+09	 1.27149e+09	 1.23613e+09	 1.27149e+09	 1.27149e+09	 
   0.019	 1.09713e+09	 1.25053e+09	 1.25053e+09	 1.2031e+09	 1.25053e+09	 1.25053e+09	 
  0.0192	 1.05677e+09	 1.22959e+09	 1.22959e+09	 1.17063e+09	 1.22959e+09	 1.22959e+09	 
  0.0194	 1.01762e+09	 1.20868e+09	 1.20868e+09	 1.13875e+09	 1.20868e+09	 1.20868e+09	 
  0.0196	 9.79649e+08	 1.18783e+09	 1.18783e+09	 1.10745e+09	 1.18783e+09	 1.18783e+09	 
  0.0198	 9.4285e+08	 1.16705e+09	 1.16705e+09	 1.07674e+09	 1.16705e+09	 1.16705e+09	 
    0.02	 9.07198e+08	 1.14635e+09	 1.14635e+09	 1.04662e+09	 1.14635e+09	 1.14635e+09	 
  0.0202	 8.72674e+08	 1.12575e+09	 1.12575e+09	 1.01711e+09	 1.12575e+09	 1.12575e+09	 
  0.0204	 8.39255e+08	 1.10526e+09	 1.10526e+09	 9.88191e+08	 1.10526e+09	 1.10526e+09	 
  0.0206	 8.06919e+08	 1.08489e+09	 1.08489e+09	 9.59875e+08	 1.08489e+09	 1.08489e+09	 
  0.0208	 7.75644e+08	 1.06466e+09	 1.06466e+09	 9.32158e+08	 1.06466e+09	 1.06466e+09	 
   0.021	 7.45407e+08	 1.04458e+09	 1.04458e+09	 9.0504e+08	 1.04458e+09	 1.04458e+09	 
  0.0212	 7.16184e+08	 1.02465e+09	 1.02465e+09	 8.7852e+08	 1.02465e+09	 1.02465e+09	 
  0.0214	 6.87951e+08	 1.00489e+09	 1.00489e+09	 8.52595e+08	 1.00489e+09	 1.00489e+09	 
  0.0216	 6.60685e+08	 9.85306e+08	 9.85306e+08	 8.2726e+08	 9.85306e+08	 9.85306e+08	 
  0.0218	 6.34362e+08	 9.65904e+08	 9.65904e+08	 8.02513e+08	 9.65904e+08	 9.65904e+08	 
   0.022	 6.08958e+08	 9.46694e+08	 9.46694e+08	 7.78349e+08	 9.46694e+08	 9.46694e+08	 
  0.0222	 5.84449e+08	 9.27683e+08	 9.27683e+08	 7.54763e+08	 9.27683e+08	 9.27683e+08	 
  0.0224	 5.60811e+08	 9.08877e+08	 9.08877e+08	 7.31748e+08	 9.08877e+08	 9.08877e+08	 
  0.0226	 5.38021e+08	 8.90283e+08	 8.90283e+08	 7.09299e+08	 8.90283e+08	 8.90283e+08	 
  0.0228	 5.16054e+08	 8.71906e+08	 8.71906e+08	 6.87409e+08	 8.71906e+08	 8.71906e+08	 
   0.023	 4.94887e+08	 8.53751e+08	 8.53751e+08	 6.66072e+08	 8.53751e+08	 8.53751e+08	 
  0.0232	 4.74498e+08	 8.35823e+08	 8.35823e+08	 6.4528e+08	 8.35823e+08	 8.35823e+08	 
  0.0234	 4.54864e+08	 8.18126e+08	 8.18126e+08	 6.25025e+08	 8.18126e+08	 8.18126e+08	 
  0.0236	 4.35961e+08	 8.00664e+08	 8.00664e+08	 6.05299e+08	 8.00664e+08	 8.00664e+08	 
  0.0238	 4.17767e+08	 7.8344e+08	 7.8344e+08	 5.86095e+08	 7.8344e+08	 7.8344e+08	 
   0.024	 4.00262e+08	 7.66458e+08	 7.66458e+08	 5.67404e+08	 7.66458e+08	 7.66458e+08	 
  0.0242	 3.83422e+08	 7.49719e+08	 7.49719e+08	 5.49217e+08	 7.49719e+08	 7.49719e+08	 
  0.0244	 3.67227e+08	 7.33226e+08	 7.33226e+08	 5.31525e+08	 7.33226e+08	 7.33226e+08	 
  0.0246	 3.51657e+08	 7.1698e+08	 7.1698e+08	 5.14321e+08	 7.1698e+08	 7.1698e+08	 
  0.0248	 3.3669e+08	 7.00984e+08	 7.00984e+08	 4.97594e+08	 7.00984e+08	 7.00984e+08	 
   0.025	 3.22307e+08	 6.85238e+08	 6.85238e+08	 4.81336e+08	 6.85238e+08	 6.85238e+08	 
  0.0252	 3.08489e+08	 6.69744e+08	 6.69744e+08	 4.65538e+08	 6.69744e+08	 6.69744e+08	 
  0.0254	 2.95216e+08	 6.54501e+08	 6.54501e+08	 4.50189e+08	 6.54501e+08	 6.54501e+08	 
  0.0256	 2.8247e+08	 6.3951e+08	 6.3951e+08	 4.35282e+08	 6.3951e+08	 6.3951e+08	 
  0.0258	 2.70232e+08	 6.24771e+08	 6.24771e+08	 4.20807e+08	 6.24771e+08	 6.24771e+08	 
   0.026	 2.58485e+08	 6.10285e+08	 6.10285e+08	 4.06755e+08	 6.10285e+08	 6.10285e+08	 
  0.0262	 2.47211e+08	 5.9605e+08	 5.9605e+08	 3.93116e+08	 5.9605e+08	 5.9605e+08	 
  0.0264	 2.36395e+08	 5.82066e+08	 5.82066e+08	 3.7988e+08	 5.82066e+08	 5.82066e+08	 
  0.0266	 2.26019e+08	 5.68332e+08	 5.68332e+08	 3.6704e+08	 5.68332e+08	 5.68332e+08	 
  0.0268	 2.16067e+08	 5.54847e+08	 5.54847e+08	 3.54586e+08	 5.54847e+08	 5.54847e+08	 
   0.027	 2.06524e+08	 5.4161e+08	 5.4161e+08	 3.42508e+08	 5.4161e+08	 5.4161e+08	 
  0.0272	 1.97376e+08	 5.2862e+08	 5.2862e+08	 3.30798e+08	 5.2862e+08	 5.2862e+08	 
  0.0274	 1.88607e+08	 5.15874e+08	 5.15874e+08	 3.19447e+08	 5.15874e+08	 5.15874e+08	 
  0.0276	 1.80203e+08	 5.03372e+08	 5.03372e+08	 3.08446e+08	 5.03372e+08	 5.03372e+08	 
  0.0278	 1.7215e+08	 4.91111e+08	 4.91111e+08	 2.97786e+08	 4.91111e+08	 4.91111e+08	 
   0.028	 1.64436e+08	 4.79089e+08	 4.79089e+08	 2.87459e+08	 4.79089e+08	 4.79089e+08	 
  0.0282	 1.57048e+08	 4.67305e+08	 4.67305e+08	 2.77456e+08	 4.67305e+08	 4.67305e+08	 
  0.0284	 1.49972e+08	 4.55756e+08	 4.55756e+08	 2.67769e+08	 4.55756e+08	 4.55756e+08	 
  0.0286	 1.43197e+08	 4.44439e+08	 4.44439e+08	 2.58389e+08	 4.44439e+08	 4.44439e+08	 
  0.0288	 1.36711e+08	 4.33353e+08	 4.33353e+08	 2.49308e+08	 4.33353e+08	 4.33353e+08	 
   0.029	 1.30503e+08	 4.22494e+08	 4.22494e+08	 2.40518e+08	 4.22494e+08	 4.22494e+08	 
  0.0292	 1.24562e+08	 4.11861e+08	 4.11861e+08	 2.32012e+08	 4.11861e+08	 4.11861e+08	 
  0.0294	 1.18877e+08	 4.01451e+08	 4.01451e+08	 2.23782e+08	 4.01451e+08	 4.01451e+08	 
  0.0296	 1.13438e+08	 3.9126e+08	 3.9126e+08	 2.15819e+08	 3.9126e+08	 3.9126e+08	 
  0.0298	 1.08236e+08	 3.81286e+08	 3.81286e+08	 2.08117e+08	 3.81286e+08	 3.81286e+08	 
    0.03	 1.03261e+08	 3.71527e+08	 3.71527e+08	 2.00668e+08	 3.71527e+08	 3.71527e+08	 
  0.0302	 9.85026e+07	 3.61979e+08	 3.61979e+08	 1.93465e+08	 3.61979e+08	 3.61979e+08	 
  0.0304	 9.39535e+07	 3.52639e+08	 3.52639e+08	 1.86501e+08	 3.52639e+08	 3.52639e+08	 
  0.0306	 8.96047e+07	 3.43505e+08	 3.43505e+08	 1.79769e+08	 3.43505e+08	 3.43505e+08	 
  0.0308	 8.54479e+07	 3.34573e+08	 3.34573e+08	 1.73262e+08	 3.34573e+08	 3.34573e+08	 
   0.031	 8.14752e+07	 3.25841e+08	 3.25841e+08	 1.66973e+08	 3.25841e+08	 3.25841e+08	 
  0.0312	 7.7679e+07	 3.17305e+08	 3.17305e+08	 1.60897e+08	 3.17305e+08	 3.17305e+08	 
  0.0314	 7.4052e+07	 3.08962e+08	 3.08962e+08	 1.55027e+08	 3.08962e+08	 3.08962e+08	 
  0.0316	 7.05871e+07	 3.0081e+08	 3.0081e+08	 1.49356e+08	 3.0081e+08	 3.0081e+08	 
  0.0318	 6.72775e+07	 2.92844e+08	 2.92844e+08	 1.43879e+08	 2.92844e+08	 2.92844e+08	 
   0.032	 6.41167e+07	 2.85063e+08	 2.85063e+08	 1.38589e+08	 2.85063e+08	 2.85063e+08	 
  0.0322	 6.10983e+07	 2.77462e+08	 2.77462e+08	 1.33481e+08	 2.77462e+08	 2.77462e+08	 
  0.0324	 5.82163e+07	 2.70039e+08	 2.70039e+08	 1.2855e+08	 2.70039e+08	 2.70039e+08	 
  0.0326	 5.54649e+07	 2.62791e+08	 2.62791e+08	 1.2379e+08	 2.62791e+08	 2.62791e+08	 
  0.0328	 5.28385e+07	 2.55714e+08	 2.55714e+08	 1.19195e+08	 2.55714e+08	 2.55714e+08	 
   0.033	 5.03318e+07	 2.48806e+08	 2.48806e+08	 1.1476e+08	 2.48806e+08	 2.48806e+08	 
  0.0332	 4.79394e+07	 2.42063e+08	 2.42063e+08	 1.1048e+08	 2.42063e+08	 2.42063e+08	 
  0.0334	 4.56567e+07	 2.35483e+08	 2.35483e+08	 1.06351e+08	 2.35483e+08	 2.35483e+08	 
  0.0336	 4.34786e+07	 2.29061e+08	 2.29061e+08	 1.02368e+08	 2.29061e+08	 2.29061e+08	 
  0.0338	 4.14008e+07	 2.22796e+08	 2.22796e+08	 9.85249e+07	 2.22796e+08	 2.22796e+08	 
   0.034	 3.94187e+07	 2.16684e+08	 2.16684e+08	 9.48183e+07	 2.16684e+08	 2.16684e+08	 
  0.0342	 3.75283e+07	 2.10723e+08	 2.10723e+08	 9.12436e+07	 2.10723e+08	 2.10723e+08	 
  0.0344	 3.57254e+07	 2.04908e+08	 2.04908e+08	 8.77965e+07	 2.04908e+08	 2.04908e+08	 
  0.0346	 3.40062e+07	 1.99238e+08	 1.99238e+08	 8.44727e+07	 1.99238e+08	 1.99238e+08	 
  0.0348	 3.2367e+07	 1.9371e+08	 1.9371e+08	 8.12682e+07	 1.9371e+08	 1.9371e+08	 
   0.035	 3.08043e+07	 1.8832e+08	 1.8832e+08	 7.81791e+07	 1.8832e+08	 1.8832e+08	 
  0.0352	 2.93145e+07	 1.83065e+08	 1.83065e+08	 7.52015e+07	 1.83065e+08	 1.83065e+08	 
  0.0354	 2.78946e+07	 1.77944e+08	 1.77944e+08	 7.23317e+07	 1.77944e+08	 1.77944e+08	 
  0.0356	 2.65413e+07	 1.72952e+08	 1.72952e+08	 6.9566e+07	 1.72952e+08	 1.72952e+08	 
  0.0358	 2.52516e+07	 1.68088e+08	 1.68088e+08	 6.69011e+07	 1.68088e+08	 1.68088e+08	 
   0.036	 2.40227e+07	 1.63349e+08	 1.63349e+08	 6.43334e+07	 1.63349e+08	 1.63349e+08	 
  0.0362	 2.28518e+07	 1.58731e+08	 1.58731e+08	 6.18596e+07	 1.58731e+08	 1.58731e+08	 
  0.0364	 2.17363e+07	 1.54233e+08	 1.54233e+08	 5.94766e+07	 1.54233e+08	 1.54233e+08	 
  0.0366	 2.06736e+07	 1.49852e+08	 1.49852e+08	 5.71813e+07	 1.49852e+08	 1.49852e+08	 
  0.0368	 1.96615e+07	 1.45584e+08	 1.45584e+08	 5.49706e+07	 1.45584e+08	 1.45584e+08	 
   0.037	 1.86974e+07	 1.41428e+08	 1.41428e+08	 5.28416e+07	 1.41428e+08	 1.41428e+08	 
  0.0372	 1.77794e+07	 1.37381e+08	 1.37381e+08	 5.07915e+07	 1.37381e+08	 1.37381e+08	 
  0.0374	 1.69052e+07	 1.33441e+08	 1.33441e+08	 4.88175e+07	 1.33441e+08	 1.33441e+08	 
  0.0376	 1.60728e+07	 1.29605e+08	 1.29605e+08	 4.69171e+07	 1.29605e+08	 1.29605e+08	 
  0.0378	 1.52802e+07	 1.2587e+08	 1.2587e+08	 4.50875e+07	 1.2587e+08	 1.2587e+08	 
   0.038	 1.45258e+07	 1.22235e+08	 1.22235e+08	 4.33264e+07	 1.22235e+08	 1.22235e+08	 
  0.0382	 1.38076e+07	 1.18697e+08	 1.18697e+08	 4.16313e+07	 1.18697e+08	 1.18697e+08	 
  0.0384	 1.3124e+07	 1.15254e+08	 1.15254e+08	 3.99999e+07	 1.15254e+08	 1.15254e+08	 
  0.0386	 1.24734e+07	 1.11904e+08	 1.11904e+08	 3.84299e+07	 1.11904e+08	 1.11904e+08	 
  0.0388	 1.18543e+07	 1.08644e+08	 1.08644e+08	 3.69191e+07	 1.08644e+08	 1.08644e+08	 
   0.039	 1.12651e+07	 1.05472e+08	 1.05472e+08	 3.54655e+07	 1.05472e+08	 1.05472e+08	 
  0.0392	 1.07045e+07	 1.02387e+08	 1.02387e+08	 3.40669e+07	 1.02387e+08	 1.02387e+08	 
  0.0394	 1.01711e+07	 9.93852e+07	 9.93852e+07	 3.27215e+07	 9.93852e+07	 9.93852e+07	 
  0.0396	 9.66367e+06	 9.64657e+07	 9.64657e+07	 3.14272e+07	 9.64657e+07	 9.64657e+07	 
  0.0398	 9.18096e+06	 9.36264e+07	 9.36264e+07	 3.01823e+07	 9.36264e+07	 9.36264e+07	 
    0.04	 8.72181e+06	 9.08651e+07	 9.08651e+07	 2.89849e+07	 9.08651e+07	 9.08651e+07	 
  0.0402	 8.28509e+06	 8.81799e+07	 8.81799e+07	 2.78334e+07	 8.81799e+07	 8.81799e+07	 
  0.0404	 7.86975e+06	 8.55691e+07	 8.55691e+07	 2.6726e+07	 8.55691e+07	 8.55691e+07	 
  0.0406	 7.47476e+06	 8.30307e+07	 8.30307e+07	 2.56612e+07	 8.30307e+07	 8.30307e+07	 
  0.0408	 7.09916e+06	 8.05629e+07	 8.05629e+07	 2.46373e+07	 8.05629e+07	 8.05629e+07	 
   0.041	 6.74203e+06	 7.8164e+07	 7.8164e+07	 2.3653e+07	 7.8164e+07	 7.8164e+07	 
  0.0412	 6.40247e+06	 7.58322e+07	 7.58322e+07	 2.27066e+07	 7.58322e+07	 7.58322e+07	 
  0.0414	 6.07966e+06	 7.35658e+07	 7.35658e+07	 2.17969e+07	 7.35658e+07	 7.35658e+07	 
  0.0416	 5.77278e+06	 7.13632e+07	 7.13632e+07	 2.09225e+07	 7.13632e+07	 7.13632e+07	 
  0.0418	 5.48107e+06	 6.92227e+07	 6.92227e+07	 2.0082e+07	 6.92227e+07	 6.92227e+07	 
   0.042	 5.20379e+06	 6.71427e+07	 6.71427e+07	 1.92743e+07	 6.71427e+07	 6.71427e+07	 
  0.0422	 4.94026e+06	 6.51217e+07	 6.51217e+07	 1.8498e+07	 6.51217e+07	 6.51217e+07	 
  0.0424	 4.68981e+06	 6.31582e+07	 6.31582e+07	 1.7752e+07	 6.31582e+07	 6.31582e+07	 
  0.0426	 4.45181e+06	 6.12505e+07	 6.12505e+07	 1.70352e+07	 6.12505e+07	 6.12505e+07	 
  0.0428	 4.22565e+06	 5.93974e+07	 5.93974e+07	 1.63465e+07	 5.93974e+07	 5.93974e+07	 
   0.043	 4.01075e+06	 5.75974e+07	 5.75974e+07	 1.56847e+07	 5.75974e+07	 5.75974e+07	 
  0.0432	 3.80658e+06	 5.5849e+07	 5.5849e+07	 1.5049e+07	 5.5849e+07	 5.5849e+07	 
  0.0434	 3.6126e+06	 5.41508e+07	 5.41508e+07	 1.44384e+07	 5.41508e+07	 5.41508e+07	 
  0.0436	 3.42832e+06	 5.25017e+07	 5.25017e+07	 1.38518e+07	 5.25017e+07	 5.25017e+07	 
  0.0438	 3.25327e+06	 5.09002e+07	 5.09002e+07	 1.32883e+07	 5.09002e+07	 5.09002e+07	 
   0.044	 3.087e+06	 4.93452e+07	 4.93452e+07	 1.27471e+07	 4.93452e+07	 4.93452e+07	 
  0.0442	 2.92907e+06	 4.78352e+07	 4.78352e+07	 1.22274e+07	 4.78352e+07	 4.78352e+07	 
  0.0444	 2.77908e+06	 4.63692e+07	 4.63692e+07	 1.17283e+07	 4.63692e+07	 4.63692e+07	 
  0.0446	 2.63663e+06	 4.4946e+07	 4.4946e+07	 1.1249e+07	 4.4946e+07	 4.4946e+07	 
  0.0448	 2.50135e+06	 4.35643e+07	 4.35643e+07	 1.07887e+07	 4.35643e+07	 4.35643e+07	 
   0.045	 2.3729e+06	 4.22231e+07	 4.22231e+07	 1.03469e+07	 4.22231e+07	 4.22231e+07	 
  0.0452	 2.25093e+06	 4.09213e+07	 4.09213e+07	 9.92258e+06	 4.09213e+07	 4.09213e+07	 
  0.0454	 2.13512e+06	 3.96577e+07	 3.96577e+07	 9.51526e+06	 3.96577e+07	 3.96577e+07	 
  0.0456	 2.02517e+06	 3.84314e+07	 3.84314e+07	 9.12424e+06	 3.84314e+07	 3.84314e+07	 
  0.0458	 1.92079e+06	 3.72413e+07	 3.72413e+07	 8.74887e+06	 3.72413e+07	 3.72413e+07	 
   0.046	 1.8217e+06	 3.60864e+07	 3.60864e+07	 8.38857e+06	 3.60864e+07	 3.60864e+07	 
  0.0462	 1.72765e+06	 3.49657e+07	 3.49657e+07	 8.04274e+06	 3.49657e+07	 3.49657e+07	 
  0.0464	 1.63837e+06	 3.38783e+07	 3.38783e+07	 7.71082e+06	 3.38783e+07	 3.38783e+07	 
  0.0466	 1.55363e+06	 3.28233e+07	 3.28233e+07	 7.39227e+06	 3.28233e+07	 3.28233e+07	 
  0.0468	 1.4732e+06	 3.17997e+07	 3.17997e+07	 7.08656e+06	 3.17997e+07	 3.17997e+07	 
   0.047	 1.39687e+06	 3.08067e+07	 3.08067e+07	 6.7932e+06	 3.08067e+07	 3.08067e+07	 
  0.0472	 1.32444e+06	 2.98434e+07	 2.98434e+07	 6.51169e+06	 2.98434e+07	 2.98434e+07	 
  0.0474	 1.25571e+06	 2.8909e+07	 2.8909e+07	 6.24159e+06	 2.8909e+07	 2.8909e+07	 
  0.0476	 1.19049e+06	 2.80027e+07	 2.80027e+07	 5.98243e+06	 2.80027e+07	 2.80027e+07	 
  0.0478	 1.1286e+06	 2.71236e+07	 2.71236e+07	 5.73379e+06	 2.71236e+07	 2.71236e+07	 
   0.048	 1.06989e+06	 2.6271e+07	 2.6271e+07	 5.49525e+06	 2.6271e+07	 2.6271e+07	 
  0.0482	 1.01418e+06	 2.54442e+07	 2.54442e+07	 5.26642e+06	 2.54442e+07	 2.54442e+07	 
  0.0484	   961337	 2.46424e+07	 2.46424e+07	 5.0469e+06	 2.46424e+07	 2.46424e+07	 
  0.0486	   911205	 2.38649e+07	 2.38649e+07	 4.83634e+06	 2.38649e+07	 2.38649e+07	 
  0.0488	   863651	 2.31109e+07	 2.31109e+07	 4.63437e+06	 2.31109e+07	 2.31109e+07	 
   0.049	   818543	 2.23799e+07	 2.23799e+07	 4.44066e+06	 2.23799e+07	 2.23799e+07	 
  0.0492	   775759	 2.16712e+07	 2.16712e+07	 4.25487e+06	 2.16712e+07	 2.16712e+07	 
  0.0494	   735180	 2.09841e+07	 2.09841e+07	 4.0767e+06	 2.09841e+07	 2.09841e+07	 
  0.0496	   696695	 2.03179e+07	 2.03179e+07	 3.90583e+06	 2.03179e+07	 2.03179e+07	 
  0.0498	   660197	 1.96721e+07	 1.96721e+07	 3.74198e+06	 1.96721e+07	 1.96721e+07	 
    0.05	   625586	 1.90462e+07	 1.90462e+07	 3.58486e+06	 1.90462e+07	 1.90462e+07	 
  0.0502	   592765	 1.84394e+07	 1.84394e+07	 3.43421e+06	 1.84394e+07	 1.84394e+07	 
  0.0504	   561643	 1.78513e+07	 1.78513e+07	 3.28976e+06	 1.78513e+07	 1.78513e+07	 
  0.0506	   532135	 1.72813e+07	 1.72813e+07	 3.15127e+06	 1.72813e+07	 1.72813e+07	 
  0.0508	   504156	 1.67289e+07	 1.67289e+07	 3.0185e+06	 1.67289e+07	 1.67289e+07	 
   0.051	   477630	 1.61935e+07	 1.61935e+07	 2.89121e+06	 1.61935e+07	 1.61935e+07	 
  0.0512	   452482	 1.56747e+07	 1.56747e+07	 2.76919e+06	 1.56747e+07	 1.56747e+07	 
  0.0514	   428642	 1.5172e+07	 1.5172e+07	 2.65222e+06	 1.5172e+07	 1.5172e+07	 
  0.0516	   406042	 1.46848e+07	 1.46848e+07	 2.5401e+06	 1.46848e+07	 1.46848e+07	 
  0.0518	   384619	 1.42128e+07	 1.42128e+07	 2.43263e+06	 1.42128e+07	 1.42128e+07	 
   0.052	   364313	 1.37555e+07	 1.37555e+07	 2.32962e+06	 1.37555e+07	 1.37555e+07	 
  0.0522	   345065	 1.33124e+07	 1.33124e+07	 2.2309e+06	 1.33124e+07	 1.33124e+07	 
  0.0524	   326823	 1.28831e+07	 1.28831e+07	 2.13628e+06	 1.28831e+07	 1.28831e+07	 
  0.0526	   309533	 1.24673e+07	 1.24673e+07	 2.04561e+06	 1.24673e+07	 1.24673e+07	 
  0.0528	   293148	 1.20644e+07	 1.20644e+07	 1.95871e+06	 1.20644e+07	 1.20644e+07	 
   0.053	   277619	 1.16742e+07	 1.16742e+07	 1.87545e+06	 1.16742e+07	 1.16742e+07	 
  0.0532	   262904	 1.12962e+07	 1.12962e+07	 1.79566e+06	 1.12962e+07	 1.12962e+07	 
  0.0534	   248960	 1.09301e+07	 1.09301e+07	 1.7192e+06	 1.09301e+07	 1.09301e+07	 
  0.0536	   235747	 1.05754e+07	 1.05754e+07	 1.64595e+06	 1.05754e+07	 1.05754e+07	 
  0.0538	   223227	 1.0232e+07	 1.0232e+07	 1.57577e+06	 1.0232e+07	 1.0232e+07	 
   0.054	   211365	 9.89937e+06	 9.89937e+06	 1.50852e+06	 9.89937e+06	 9.89937e+06	 
  0.0542	   200126	 9.57725e+06	 9.57725e+06	 1.4441e+06	 9.57725e+06	 9.57725e+06	 
  0.0544	   189479	 9.2653e+06	 9.2653e+06	 1.38239e+06	 9.2653e+06	 9.2653e+06	 
  0.0546	   179391	 8.96323e+06	 8.96323e+06	 1.32327e+06	 8.96323e+06	 8.96323e+06	 
  0.0548	   169835	 8.67073e+06	 8.67073e+06	 1.26664e+06	 8.67073e+06	 8.67073e+06	 
   0.055	   160783	 8.3875e+06	 8.3875e+06	 1.21239e+06	 8.3875e+06	 8.3875e+06	 
  0.0552	   152208	 8.11327e+06	 8.11327e+06	 1.16043e+06	 8.11327e+06	 8.11327e+06	 
  0.0554	   144085	 7.84776e+06	 7.84776e+06	 1.11066e+06	 7.84776e+06	 7.84776e+06	 
  0.0556	   136392	 7.5907e+06	 7.5907e+06	 1.06299e+06	 7.5907e+06	 7.5907e+06	 
  0.0558	   129105	 7.34184e+06	 7.34184e+06	 1.01734e+06	 7.34184e+06	 7.34184e+06	 
   0.056	   122203	 7.10091e+06	 7.10091e+06	   973612	 7.10091e+06	 7.10091e+06	 
  0.0562	   115667	 6.86769e+06	 6.86769e+06	   931739	 6.86769e+06	 6.86769e+06	 
  0.0564	   109476	 6.64192e+06	 6.64192e+06	   891640	 6.64192e+06	 6.64192e+06	 
  0.0566	   103614	 6.42338e+06	 6.42338e+06	   853241	 6.42338e+06	 6.42338e+06	 
  0.0568	  98062.5	 6.21185e+06	 6.21185e+06	   816471	 6.21185e+06	 6.21185e+06	 
   0.057	  92805.5	 6.0071e+06	 6.0071e+06	   781263	 6.0071e+06	 6.0071e+06	 
  0.0572	  87827.7	 5.80893e+06	 5.80893e+06	   747550	 5.80893e+06	 5.80893e+06	 
  0.0574	  83114.2	 5.61714e+06	 5.61714e+06	   715271	 5.61714e+06	 5.61714e+06	 
  0.0576	  78651.3	 5.43152e+06	 5.43152e+06	   684367	 5.43152e+06	 5.43152e+06	 
  0.0578	  74425.7	 5.25188e+06	 5.25188e+06	   654778	 5.25188e+06	 5.25188e+06	 
   0.058	    70425	 5.07804e+06	 5.07804e+06	   626451	 5.07804e+06	 5.07804e+06	 
  0.0582	  66637.4	 4.90981e+06	 4.90981e+06	   599332	 4.90981e+06	 4.90981e+06	 
  0.0584	  63051.6	 4.74702e+06	 4.74702e+06	   573370	 4.74702e+06	 4.74702e+06	 
  0.0586	    59657	 4.5895e+06	 4.5895e+06	   548518	 4.5895e+06	 4.5895e+06	 
  0.0588	  56443.5	 4.43709e+06	 4.43709e+06	   524728	 4.43709e+06	 4.43709e+06	 
   0.059	  53401.5	 4.28962e+06	 4.28962e+06	   501956	 4.28962e+06	 4.28962e+06	 
  0.0592	    50522	 4.14693e+06	 4.14693e+06	   480159	 4.14693e+06	 4.14693e+06	 
  0.0594	  47796.3	 4.00888e+06	 4.00888e+06	   459296	 4.00888e+06	 4.00888e+06	 
  0.0596	  45216.5	 3.87532e+06	 3.87532e+06	   439328	 3.87532e+06	 3.87532e+06	 
  0.0598	  42774.6	 3.74612e+06	 3.74612e+06	   420216	 3.74612e+06	 3.74612e+06	 
    0.06	  40463.5	 3.62112e+06	 3.62112e+06	   401925	 3.62112e+06	 3.62112e+06	 
  0.0602	  38276.2	 3.5002e+06	 3.5002e+06	   384420	 3.5002e+06	 3.5002e+06	 
  0.0604	  36206.1	 3.38323e+06	 3.38323e+06	   367667	 3.38323e+06	 3.38323e+06	 
  0.0606	    34247	 3.27008e+06	 3.27008e+06	   351636	 3.27008e+06	 3.27008e+06	 
  0.0608	    32393	 3.16063e+06	 3.16063e+06	   336294	 3.16063e+06	 3.16063e+06	 
   0.061	  30638.5	 3.05477e+06	 3.05477e+06	   321614	 3.05477e+06	 3.05477e+06	 
  0.0612	  28978.3	 2.95238e+06	 2.95238e+06	   307566	 2.95238e+06	 2.95238e+06	 
  0.0614	  27407.3	 2.85334e+06	 2.85334e+06	   294124	 2.85334e+06	 2.85334e+06	 
  0.0616	  25920.8	 2.75756e+06	 2.75756e+06	   281263	 2.75756e+06	 2.75756e+06	 
  0.0618	  24514.2	 2.66493e+06	 2.66493e+06	   268957	 2.66493e+06	 2.66493e+06	 
   0.062	  23183.4	 2.57534e+06	 2.57534e+06	   257183	 2.57534e+06	 2.57534e+06	 
  0.0622	  21924.2	 2.48871e+06	 2.48871e+06	   245919	 2.48871e+06	 2.48871e+06	 
  0.0624	  20732.9	 2.40493e+06	 2.40493e+06	   235142	 2.40493e+06	 2.40493e+06	 
  0.0626	  19605.8	 2.32391e+06	 2.32391e+06	   224831	 2.32391e+06	 2.32391e+06	 
  0.0628	  18539.5	 2.24557e+06	 2.24557e+06	   214968	 2.24557e+06	 2.24557e+06	 
   0.063	  17530.7	 2.16981e+06	 2.16981e+06	   205532	 2.16981e+06	 2.16981e+06	 
  0.0632	  16576.4	 2.09656e+06	 2.09656e+06	   196506	 2.09656e+06	 2.09656e+06	 
  0.0634	  15673.7	 2.02574e+06	 2.02574e+06	   187871	 2.02574e+06	 2.02574e+06	 
  0.0636	  14819.7	 1.95726e+06	 1.95726e+06	   179612	 1.95726e+06	 1.95726e+06	 
  0.0638	  14011.9	 1.89105e+06	 1.89105e+06	   171711	 1.89105e+06	 1.89105e+06	 
   0.064	  13247.8	 1.82704e+06	 1.82704e+06	   164155	 1.82704e+06	 1.82704e+06	 
  0.0642	  12525.1	 1.76515e+06	 1.76515e+06	   156927	 1.76515e+06	 1.76515e+06	 
  0.0644	  11841.5	 1.70532e+06	 1.70532e+06	   150014	 1.70532e+06	 1.70532e+06	 
  0.0646	    11195	 1.64748e+06	 1.64748e+06	   143402	 1.64748e+06	 1.64748e+06	 
  0.0648	  10583.5	 1.59156e+06	 1.59156e+06	   137078	 1.59156e+06	 1.59156e+06	 
   0.065	  10005.1	 1.53751e+06	 1.53751e+06	   131030	 1.53751e+06	 1.53751e+06	 
  0.0652	  9458.14	 1.48526e+06	 1.48526e+06	   125246	 1.48526e+06	 1.48526e+06	 
  0.0654	  8940.86	 1.43476e+06	 1.43476e+06	   119715	 1.43476e+06	 1.43476e+06	 
  0.0656	  8451.67	 1.38594e+06	 1.38594e+06	   114426	 1.38594e+06	 1.38594e+06	 
  0.0658	  7989.06	 1.33875e+06	 1.33875e+06	   109367	 1.33875e+06	 1.33875e+06	 
   0.066	  7551.59	 1.29314e+06	 1.29314e+06	   104531	 1.29314e+06	 1.29314e+06	 
  0.0662	  7137.91	 1.24905e+06	 1.24905e+06	  99905.3	 1.24905e+06	 1.24905e+06	 
  0.0664	  6746.74	 1.20645e+06	 1.20645e+06	  95482.6	 1.20645e+06	 1.20645e+06	 
  0.0666	  6376.86	 1.16527e+06	 1.16527e+06	  91253.7	 1.16527e+06	 1.16527e+06	 
  0.0668	  6027.12	 1.12547e+06	 1.12547e+06	  87210.2	 1.12547e+06	 1.12547e+06	 
   0.067	  5696.43	 1.08701e+06	 1.08701e+06	  83344.1	 1.08701e+06	 1.08701e+06	 
  0.0672	  5383.76	 1.04984e+06	 1.04984e+06	  79647.7	 1.04984e+06	 1.04984e+06	 
  0.0674	  5088.14	 1.01392e+06	 1.01392e+06	  76113.6	 1.01392e+06	 1.01392e+06	 
  0.0676	  4808.65	   979204	   979204	  72734.7	   979204	   979204	 
  0.0678	   4544.4	   945661	   945661	  69504.4	   945661	   945661	 
   0.068	  4294.59	   913247	   913247	  66416.2	   913247	   913247	 
  0.0682	  4058.42	   881927	   881927	  63463.8	   881927	   881927	 
  0.0684	  3835.15	   851663	   851663	  60641.5	   851663	   851663	 
  0.0686	  3624.08	   822421	   822421	  57943.5	   822421	   822421	 
  0.0688	  3424.56	   794166	   794166	  55364.4	   794166	   794166	 
   0.069	  3235.96	   766867	   766867	    52899	   766867	   766867	 
  0.0692	  3057.67	   740492	   740492	  50542.3	   740492	   740492	 
  0.0694	  2889.15	   715009	   715009	  48289.7	   715009	   715009	 
  0.0696	  2729.86	   690390	   690390	  46136.6	   690390	   690390	 
  0.0698	  2579.29	   666605	   666605	  44078.6	   666605	   666605	 
    0.07	  2436.98	   643627	   643627	  42111.5	   643627	   643627	 
  0.0702	  2302.48	   621428	   621428	  40231.5	   621428	   621428	 
  0.0704	  2175.35	   599984	   599984	  38434.6	   599984	   599984	 
  0.0706	   2055.2	   579269	   579269	  36717.3	   579269	   579269	 
  0.0708	  1941.65	   559258	   559258	    35076	   559258	   559258	 
   0.071	  1834.33	   539928	   539928	  33507.5	   539928	   539928	 
  0.0712	  1732.91	   521256	   521256	  32008.5	   521256	   521256	 
  0.0714	  1637.07	   503221	   503221	  30575.9	   503221	   503221	 
  0.0716	  1546.49	   485800	   485800	    29207	   485800	   485800	 
  0.0718	   1460.9	   468974	   468974	  27898.8	   468974	   468974	 
   0.072	  1380.02	   452722	   452722	  26648.6	   452722	   452722	 
  0.0722	  1303.59	   437025	   437025	  25454.1	   437025	   437025	 
  0.0724	  1231.37	   421865	   421865	  24312.6	   421865	   421865	 
  0.0726	  1163.13	   407223	   407223	  23221.9	   407223	   407223	 
  0.0728	  1098.65	   393083	   393083	  22179.8	   393083	   393083	 
   0.073	  1037.72	   379426	   379426	    21184	   379426	   379426	 
  0.0732	  980.154	   366238	   366238	  20232.5	   366238	   366238	 
  0.0734	  925.763	   353501	   353501	  19323.5	   353501	   353501	 
  0.0736	  874.375	   341201	   341201	  18454.9	   341201	   341201	 
  0.0738	  825.823	   329324	   329324	  17625.1	   329324	   329324	 
   0.074	  779.953	   317854	   317854	  16832.3	   317854	   317854	 
  0.0742	  736.618	   306779	   306779	  16074.9	   306779	   306779	 
  0.0744	  695.677	   296084	   296084	  15351.3	   296084	   296084	 
  0.0746	  656.999	   285757	   285757	    14660	   285757	   285757	 
  0.0748	  620.461	   275786	   275786	  13999.6	   275786	   275786	 
   0.075	  585.944	   266158	   266158	  13368.7	   266158	   266158	 
  0.0752	  553.338	   256862	   256862	    12766	   256862	   256862	 
  0.0754	  522.536	   247886	   247886	  12190.3	   247886	   247886	 
  0.0756	   493.44	   239220	   239220	  11640.4	   239220	   239220	 
  0.0758	  465.956	   230853	   230853	    11115	   230853	   230853	 
   0.076	  439.996	   222775	   222775	  10613.3	   222775	   222775	 
  0.0762	  415.474	   214976	   214976	  10133.9	   214976	   214976	 
  0.0764	  392.312	   207447	   207447	  9676.13	   207447	   207447	 
  0.0766	  370.435	   200178	   200178	  9238.84	   200178	   200178	 
  0.0768	  349.772	   193160	   193160	  8821.17	   193160	   193160	 
   0.077	  330.255	   186386	   186386	  8422.24	   186386	   186386	 
  0.0772	  311.823	   179846	   179846	  8041.22	   179846	   179846	 
  0.0774	  294.414	   173533	   173533	  7677.32	   173533	   173533	 
  0.0776	  277.972	   167439	   167439	  7329.76	   167439	   167439	 
  0.0778	  262.445	   161556	   161556	  6997.83	   161556	   161556	 
   0.078	   247.78	   155878	   155878	  6680.83	   155878	   155878	 
  0.0782	  233.931	   150397	   150397	  6378.08	   150397	   150397	 
  0.0784	  220.852	   145106	   145106	  6088.96	   145106	   145106	 
  0.0786	  208.501	   139999	   139999	  5812.85	   139999	   139999	 
  0.0788	  196.838	   135070	   135070	  5549.18	   135070	   135070	 
   0.079	  185.824	   130313	   130313	  5297.38	   130313	   130313	 
  0.0792	  175.423	   125721	   125721	  5056.94	   125721	   125721	 
  0.0794	  165.602	   121289	   121289	  4827.33	   121289	   121289	 
  0.0796	  156.328	   117011	   117011	  4608.08	   117011	   117011	 
  0.0798	  147.572	   112883	   112883	  4398.71	   112883	   112883	 
    0.08	  139.303	   108898	   108898	   4198.8	   108898	   108898	 
  0.0802	  131.496	   105053	   105053	  4007.91	   105053	   105053	 
  0.0804	  124.124	   101342	   101342	  3825.65	   101342	   101342	 
  0.0806	  117.164	  97760.6	  97760.6	  3651.62	  97760.6	  97760.6	 
  0.0808	  110.592	  94304.4	  94304.4	  3485.45	  94304.4	  94304.4	 
   0.081	  104.387	  90969.1	  90969.1	  3326.79	  90969.1	  90969.1	 
  0.0812	  98.5291	  87750.4	  87750.4	  3175.32	  87750.4	  87750.4	 
  0.0814	  92.9983	  84644.4	  84644.4	  3030.69	  84644.4	  84644.4	 
  0.0816	  87.7767	  81647.2	  81647.2	  2892.61	  81647.2	  81647.2	 
  0.0818	  82.8469	  78754.9	  78754.9	  2760.78	  78754.9	  78754.9	 
   0.082	  78.1928	    75964	    75964	  2634.92	    75964	    75964	 
  0.0822	  73.7991	    73271	    73271	  2514.76	    73271	    73271	 
  0.0824	  69.6512	  70672.5	  70672.5	  2400.05	  70672.5	  70672.5	 
  0.0826	  65.7355	  68165.2	  68165.2	  2290.54	  68165.2	  68165.2	 
  0.0828	   62.039	  65745.8	  65745.8	  2185.99	  65745.8	  65745.8	 
   0.083	  58.5495	  63411.5	  63411.5	  2086.19	  63411.5	  63411.5	 
  0.0832	  55.2554	  61159.2	  61159.2	  1990.91	  61159.2	  61159.2	 
  0.0834	  52.1459	  58986.1	  58986.1	  1899.96	  58986.1	  58986.1	 
  0.0836	  49.2107	  56889.4	  56889.4	  1813.14	  56889.4	  56889.4	 
  0.0838	    46.44	  54866.5	  54866.5	  1730.27	  54866.5	  54866.5	 
   0.084	  43.8247	  52914.8	  52914.8	  1651.16	  52914.8	  52914.8	 
  0.0842	  41.3561	  51031.9	  51031.9	  1575.64	  51031.9	  51031.9	 
  0.0844	   39.026	  49215.3	  49215.3	  1503.56	  49215.3	  49215.3	 
  0.0846	  36.8266	  47462.7	  47462.7	  1434.75	  47462.7	  47462.7	 
  0.0848	  34.7507	  45771.9	  45771.9	  1369.08	  45771.9	  45771.9	 
   0.085	  32.7913	  44140.7	  44140.7	   1306.4	  44140.7	  44140.7	 
  0.0852	   30.942	  42567.2	  42567.2	  1246.56	  42567.2	  42567.2	 
  0.0854	  29.1966	  41049.1	  41049.1	  1189.46	  41049.1	  41049.1	 
  0.0856	  27.5493	  39584.7	  39584.7	  1134.95	  39584.7	  39584.7	 
  0.0858	  25.9945	  38172.1	  38172.1	  1082.93	  38172.1	  38172.1	 
   0.086	  24.5272	  36809.4	  36809.4	  1033.28	  36809.4	  36809.4	 
  0.0862	  23.1423	  35494.8	  35494.8	  985.889	  35494.8	  35494.8	 
  0.0864	  21.8354	  34226.8	  34226.8	  940.663	  34226.8	  34226.8	 
  0.0866	   20.602	  33003.6	  33003.6	  897.499	  33003.6	  33003.6	 
  0.0868	  19.4379	  31823.8	  31823.8	  856.305	  31823.8	  31823.8	 
   0.087	  18.3395	  30685.7	  30685.7	  816.992	  30685.7	  30685.7	 
  0.0872	  17.3028	    29588	    29588	  779.473	    29588	    29588	 
  0.0874	  16.3246	  28529.2	  28529.2	  743.668	  28529.2	  28529.2	 
  0.0876	  15.4014	  27507.9	  27507.9	  709.499	  27507.9	  27507.9	 
  0.0878	  14.5303	  26522.8	  26522.8	  676.891	  26522.8	  26522.8	 
   0.088	  13.7082	  25572.7	  25572.7	  645.774	  25572.7	  25572.7	 
  0.0882	  12.9325	  24656.4	  24656.4	   616.08	  24656.4	  24656.4	 
  0.0884	  12.2005	  23772.6	  23772.6	  587.743	  23772.6	  23772.6	 
  0.0886	  11.5098	  22920.1	  22920.1	  560.704	  22920.1	  22920.1	 
  0.0888	  10.8581	    22098	    22098	  534.901	    22098	    22098	 
   0.089	  10.2431	  21305.1	  21305.1	   510.28	  21305.1	  21305.1	 
  0.0892	  9.66287	  20540.4	  20540.4	  486.786	  20540.4	  20540.4	 
  0.0894	  9.11537	    19803	    19803	  464.368	    19803	    19803	 
  0.0896	  8.59878	  19091.7	  19091.7	  442.978	  19091.7	  19091.7	 
  0.0898	  8.11136	  18405.8	  18405.8	  422.567	  18405.8	  18405.8	 
    0.09	  7.65148	  17744.4	  17744.4	  403.092	  17744.4	  17744.4	 
  0.0902	  7.21758	  17106.4	  17106.4	  384.511	  17106.4	  17106.4	 
  0.0904	   6.8082	  16491.3	  16491.3	  366.781	  16491.3	  16491.3	 
  0.0906	  6.42196	  15898.1	  15898.1	  349.865	  15898.1	  15898.1	 
  0.0908	  6.05756	    15326	    15326	  333.725	    15326	    15326	 
   0.091	  5.71377	  14774.3	  14774.3	  318.326	  14774.3	  14774.3	 
  0.0912	  5.38942	  14242.4	  14242.4	  303.634	  14242.4	  14242.4	 
  0.0914	  5.08342	  13729.4	  13729.4	  289.617	  13729.4	  13729.4	 
  0.0916	  4.79474	  13234.8	  13234.8	  276.243	  13234.8	  13234.8	 
  0.0918	   4.5224	  12757.8	  12757.8	  263.484	  12757.8	  12757.8	 
   0.092	  4.26547	  12297.9	  12297.9	  251.312	  12297.9	  12297.9	 
  0.0922	  4.02309	  11854.4	  11854.4	  239.699	  11854.4	  11854.4	 
  0.0924	  3.79444	  11426.8	  11426.8	   228.62	  11426.8	  11426.8	 
  0.0926	  3.57875	  11014.5	  11014.5	  218.051	  11014.5	  11014.5	 
  0.0928	  3.37527	  10616.9	  10616.9	  207.968	  10616.9	  10616.9	 
   0.093	  3.18333	  10233.6	  10233.6	  198.349	  10233.6	  10233.6	 
  0.0932	  3.00226	  9864.05	  9864.05	  189.173	  9864.05	  9864.05	 
  0.0934	  2.83147	  9507.71	  9507.71	   180.42	  9507.71	  9507.71	 
  0.0936	  2.67035	  9164.14	  9164.14	  172.069	  9164.14	  9164.14	 
  0.0938	  2.51838	   8832.9	   8832.9	  164.104	   8832.9	   8832.9	 
   0.094	  2.37503	  8513.53	  8513.53	  156.505	  8513.53	  8513.53	 
  0.0942	  2.23981	  8205.62	  8205.62	  149.256	  8205.62	  8205.62	 
  0.0944	  2.11226	  7908.76	  7908.76	  142.342	  7908.76	  7908.76	 
  0.0946	  1.99196	  7622.56	  7622.56	  135.747	  7622.56	  7622.56	 
  0.0948	  1.87849	  7346.64	  7346.64	  129.455	  7346.64	  7346.64	 
   0.095	  1.77146	  7080.63	  7080.63	  123.454	  7080.63	  7080.63	 
  0.0952	  1.67051	  6824.18	  6824.18	   117.73	  6824.18	  6824.18	 
  0.0954	   1.5753	  6576.95	  6576.95	   112.27	  6576.95	  6576.95	 
  0.0956	  1.48549	   6338.6	   6338.6	  107.063	   6338.6	   6338.6	 
  0.0958	  1.40079	  6108.84	  6108.84	  102.095	  6108.84	  6108.84	 
   0.096	  1.32091	  5887.34	  5887.34	  97.3576	  5887.34	  5887.34	 
  0.0962	  1.24556	  5673.81	  5673.81	  92.8386	  5673.81	  5673.81	 
  0.0964	   1.1745	  5467.97	  5467.97	  88.5285	  5467.97	  5467.97	 
  0.0966	  1.10749	  5269.54	  5269.54	  84.4176	  5269.54	  5269.54	 
  0.0968	  1.04428	  5078.27	  5078.27	  80.4968	  5078.27	  5078.27	 
   0.097	 0.984676	  4893.88	  4893.88	  76.7573	  4893.88	  4893.88	 
  0.0972	 0.928461	  4716.14	  4716.14	  73.1907	  4716.14	  4716.14	 
  0.0974	 0.875446	  4544.81	  4544.81	  69.7892	  4544.81	  4544.81	 
  0.0976	 0.825449	  4379.67	  4379.67	  66.5451	  4379.67	  4379.67	 
  0.0978	 0.778299	  4220.48	  4220.48	  63.4511	  4220.48	  4220.48	 
   0.098	 0.733834	  4067.03	  4067.03	  60.5004	  4067.03	  4067.03	 
  0.0982	 0.691903	  3919.13	  3919.13	  57.6863	  3919.13	  3919.13	 
  0.0984	  0.65236	  3776.56	  3776.56	  55.0026	  3776.56	  3776.56	 
  0.0986	 0.615071	  3639.15	  3639.15	  52.4432	  3639.15	  3639.15	 
  0.0988	 0.579908	   3506.7	   3506.7	  50.0024	   3506.7	   3506.7	 
   0.099	 0.546749	  3379.04	  3379.04	  47.6748	  3379.04	  3379.04	 
  0.0992	 0.515481	     3256	     3256	   45.455	     3256	     3256	 
  0.0994	 0.485996	   3137.4	   3137.4	  43.3382	   3137.4	   3137.4	 
  0.0996	 0.458192	   3023.1	   3023.1	  41.3195	   3023.1	   3023.1	 
  0.0998	 0.431975	  2912.93	  2912.93	  39.3945	  2912.93	  2912.93	 
     0.1	 0.407254	  2806.75	  2806.75	  37.5588	  2806.75	  2806.75	 
