       0	        0	        0	        0	        0	        0	        0	 
  0.0002	 6.17171e+06	   601220	   601220	 2.62581e+06	   601220	   601220	 
  0.0004	 3.34399e+07	 3.44656e+06	 3.44656e+06	 1.47339e+07	 3.44656e+06	 3.44656e+06	 
  0.0006	 8.72537e+07	 9.39862e+06	 9.39862e+06	 3.94157e+07	 9.39862e+06	 9.39862e+06	 
  0.0008	 1.68801e+08	 1.89074e+07	 1.89074e+07	 7.78586e+07	 1.89074e+07	 1.89074e+07	 
   0.001	 2.77189e+08	 3.21968e+07	 3.21968e+07	 1.30248e+08	 3.21968e+07	 3.21968e+07	 
  0.0012	 4.1034e+08	 4.93406e+07	 4.93406e+07	 1.9615e+08	 4.93406e+07	 4.93406e+07	 
  0.0014	 5.65506e+08	 7.03071e+07	 7.03071e+07	 2.74728e+08	 7.03071e+07	 7.03071e+07	 
  0.0016	 7.39581e+08	 9.49876e+07	 9.49876e+07	 3.64887e+08	 9.49876e+07	 9.49876e+07	 
  0.0018	 9.29313e+08	 1.23217e+08	 1.23217e+08	 4.65375e+08	 1.23217e+08	 1.23217e+08	 
   0.002	 1.13145e+09	 1.54789e+08	 1.54789e+08	 5.74853e+08	 1.54789e+08	 1.54789e+08	 
  0.0022	 1.34283e+09	 1.89469e+08	 1.89469e+08	 6.91944e+08	 1.89469e+08	 1.89469e+08	 
  0.0024	 1.56046e+09	 2.27e+08	 2.27e+08	 8.15276e+08	 2.27e+08	 2.27e+08	 
  0.0026	 1.78155e+09	 2.67115e+08	 2.67115e+08	 9.43509e+08	 2.67115e+08	 2.67115e+08	 
  0.0028	 2.00353e+09	 3.09539e+08	 3.09539e+08	 1.07535e+09	 3.09539e+08	 3.09539e+08	 
   0.003	 2.22409e+09	 3.53992e+08	 3.53992e+08	 1.20958e+09	 3.53992e+08	 3.53992e+08	 
  0.0032	 2.44115e+09	 4.00199e+08	 4.00199e+08	 1.34505e+09	 4.00199e+08	 4.00199e+08	 
  0.0034	 2.65289e+09	 4.47887e+08	 4.47887e+08	 1.48069e+09	 4.47887e+08	 4.47887e+08	 
  0.0036	 2.85773e+09	 4.96791e+08	 4.96791e+08	 1.61553e+09	 4.96791e+08	 4.96791e+08	 
  0.0038	 3.05431e+09	 5.46652e+08	 5.46652e+08	 1.74867e+09	 5.46652e+08	 5.46652e+08	 
   0.004	 3.24148e+09	 5.97224e+08	 5.97224e+08	 1.87932e+09	 5.97224e+08	 5.97224e+08	 
  0.0042	 3.41833e+09	 6.4827e+08	 6.4827e+08	 2.00675e+09	 6.4827e+08	 6.4827e+08	 
  0.0044	 3.5841e+09	 6.99565e+08	 6.99565e+08	 2.13033e+09	 6.99565e+08	 6.99565e+08	 
  0.0046	 3.73822e+09	 7.50898e+08	 7.50898e+08	 2.24951e+09	 7.50898e+08	 7.50898e+08	 
  0.0048	 3.88027e+09	 8.02068e+08	 8.02068e+08	 2.36381e+09	 8.02068e+08	 8.02068e+08	 
   0.005	 4.00998e+09	 8.52888e+08	 8.52888e+08	 2.47283e+09	 8.52888e+08	 8.52888e+08	 
  0.0052	 4.12721e+09	 9.03186e+08	 9.03186e+08	 2.57624e+09	 9.03186e+08	 9.03186e+08	 
  0.0054	 4.23193e+09	 9.52801e+08	 9.52801e+08	 2.67375e+09	 9.52801e+08	 9.52801e+08	 
  0.0056	 4.32419e+09	 1.00158e+09	 1.00158e+09	 2.76517e+09	 1.00158e+09	 1.00158e+09	 
  0.0058	 4.40417e+09	 1.0494e+09	 1.0494e+09	 2.85033e+09	 1.0494e+09	 1.0494e+09	 
   0.006	 4.47209e+09	 1.09612e+09	 1.09612e+09	 2.92913e+09	 1.09612e+09	 1.09612e+09	 
  0.0062	 4.52826e+09	 1.14165e+09	 1.14165e+09	 3.0015e+09	 1.14165e+09	 1.14165e+09	 
  0.0064	 4.57302e+09	 1.18587e+09	 1.18587e+09	 3.06743e+09	 1.18587e+09	 1.18587e+09	 
  0.0066	 4.60677e+09	 1.2287e+09	 1.2287e+09	 3.12692e+09	 1.2287e+09	 1.2287e+09	 
  0.0068	 4.62996e+09	 1.27005e+09	 1.27005e+09	 3.18004e+09	 1.27005e+09	 1.27005e+09	 
   0.007	 4.64305e+09	 1.30987e+09	 1.30987e+09	 3.22686e+09	 1.30987e+09	 1.30987e+09	 
  0.0072	 4.64653e+09	 1.3481e+09	 1.3481e+09	 3.2675e+09	 1.3481e+09	 1.3481e+09	 
  0.0074	 4.6409e+09	 1.38467e+09	 1.38467e+09	 3.30207e+09	 1.38467e+09	 1.38467e+09	 
  0.0076	 4.62669e+09	 1.41955e+09	 1.41955e+09	 3.33074e+09	 1.41955e+09	 1.41955e+09	 
  0.0078	 4.6044e+09	 1.45272e+09	 1.45272e+09	 3.35367e+09	 1.45272e+09	 1.45272e+09	 
   0.008	 4.57458e+09	 1.48413e+09	 1.48413e+09	 3.37104e+09	 1.48413e+09	 1.48413e+09	 
  0.0082	 4.53774e+09	 1.51378e+09	 1.51378e+09	 3.38306e+09	 1.51378e+09	 1.51378e+09	 
  0.0084	 4.4944e+09	 1.54165e+09	 1.54165e+09	 3.38992e+09	 1.54165e+09	 1.54165e+09	 
  0.0086	 4.44506e+09	 1.56773e+09	 1.56773e+09	 3.39183e+09	 1.56773e+09	 1.56773e+09	 
  0.0088	 4.39023e+09	 1.59203e+09	 1.59203e+09	 3.38902e+09	 1.59203e+09	 1.59203e+09	 
   0.009	 4.33039e+09	 1.61455e+09	 1.61455e+09	 3.38172e+09	 1.61455e+09	 1.61455e+09	 
  0.0092	 4.26601e+09	 1.6353e+09	 1.6353e+09	 3.37014e+09	 1.6353e+09	 1.6353e+09	 
  0.0094	 4.19754e+09	 1.65429e+09	 1.65429e+09	 3.35451e+09	 1.65429e+09	 1.65429e+09	 
  0.0096	 4.12543e+09	 1.67156e+09	 1.67156e+09	 3.33507e+09	 1.67156e+09	 1.67156e+09	 
  0.0098	 4.05008e+09	 1.6871e+09	 1.6871e+09	 3.31203e+09	 1.6871e+09	 1.6871e+09	 
    0.01	 3.97191e+09	 1.70097e+09	 1.70097e+09	 3.28563e+09	 1.70097e+09	 1.70097e+09	 
  0.0102	 3.89129e+09	 1.71317e+09	 1.71317e+09	 3.25608e+09	 1.71317e+09	 1.71317e+09	 
  0.0104	 3.80858e+09	 1.72375e+09	 1.72375e+09	 3.22361e+09	 1.72375e+09	 1.72375e+09	 
  0.0106	 3.72413e+09	 1.73274e+09	 1.73274e+09	 3.18841e+09	 1.73274e+09	 1.73274e+09	 
  0.0108	 3.63827e+09	 1.74018e+09	 1.74018e+09	 3.15072e+09	 1.74018e+09	 1.74018e+09	 
   0.011	 3.55128e+09	 1.7461e+09	 1.7461e+09	 3.11072e+09	 1.7461e+09	 1.7461e+09	 
  0.0112	 3.46347e+09	 1.75054e+09	 1.75054e+09	 3.06861e+09	 1.75054e+09	 1.75054e+09	 
  0.0114	 3.37509e+09	 1.75355e+09	 1.75355e+09	 3.0246e+09	 1.75355e+09	 1.75355e+09	 
  0.0116	 3.2864e+09	 1.75517e+09	 1.75517e+09	 2.97884e+09	 1.75517e+09	 1.75517e+09	 
  0.0118	 3.19762e+09	 1.75544e+09	 1.75544e+09	 2.93154e+09	 1.75544e+09	 1.75544e+09	 
   0.012	 3.10897e+09	 1.75442e+09	 1.75442e+09	 2.88286e+09	 1.75442e+09	 1.75442e+09	 
  0.0122	 3.02065e+09	 1.75213e+09	 1.75213e+09	 2.83295e+09	 1.75213e+09	 1.75213e+09	 
  0.0124	 2.93283e+09	 1.74863e+09	 1.74863e+09	 2.78198e+09	 1.74863e+09	 1.74863e+09	 
  0.0126	 2.84568e+09	 1.74397e+09	 1.74397e+09	 2.73011e+09	 1.74397e+09	 1.74397e+09	 
  0.0128	 2.75936e+09	 1.73819e+09	 1.73819e+09	 2.67746e+09	 1.73819e+09	 1.73819e+09	 
   0.013	 2.674e+09	 1.73133e+09	 1.73133e+09	 2.62417e+09	 1.73133e+09	 1.73133e+09	 
  0.0132	 2.58972e+09	 1.72345e+09	 1.72345e+09	 2.57038e+09	 1.72345e+09	 1.72345e+09	 
  0.0134	 2.50663e+09	 1.71459e+09	 1.71459e+09	 2.5162e+09	 1.71459e+09	 1.71459e+09	 
  0.0136	 2.42484e+09	 1.70479e+09	 1.70479e+09	 2.46175e+09	 1.70479e+09	 1.70479e+09	 
  0.0138	 2.34443e+09	 1.6941e+09	 1.6941e+09	 2.40714e+09	 1.6941e+09	 1.6941e+09	 
   0.014	 2.26547e+09	 1.68256e+09	 1.68256e+09	 2.35247e+09	 1.68256e+09	 1.68256e+09	 
  0.0142	 2.18804e+09	 1.67023e+09	 1.67023e+09	 2.29784e+09	 1.67023e+09	 1.67023e+09	 
  0.0144	 2.11219e+09	 1.65713e+09	 1.65713e+09	 2.24332e+09	 1.65713e+09	 1.65713e+09	 
  0.0146	 2.03797e+09	 1.64332e+09	 1.64332e+09	 2.18901e+09	 1.64332e+09	 1.64332e+09	 
  0.0148	 1.96543e+09	 1.62883e+09	 1.62883e+09	 2.13498e+09	 1.62883e+09	 1.62883e+09	 
   0.015	 1.89458e+09	 1.61371e+09	 1.61371e+09	 2.08131e+09	 1.61371e+09	 1.61371e+09	 
  0.0152	 1.82547e+09	 1.59799e+09	 1.59799e+09	 2.02806e+09	 1.59799e+09	 1.59799e+09	 
  0.0154	 1.7581e+09	 1.58173e+09	 1.58173e+09	 1.97529e+09	 1.58173e+09	 1.58173e+09	 
  0.0156	 1.6925e+09	 1.56494e+09	 1.56494e+09	 1.92306e+09	 1.56494e+09	 1.56494e+09	 
  0.0158	 1.62866e+09	 1.54768e+09	 1.54768e+09	 1.87141e+09	 1.54768e+09	 1.54768e+09	 
   0.016	 1.56659e+09	 1.52997e+09	 1.52997e+09	 1.82041e+09	 1.52997e+09	 1.52997e+09	 
  0.0162	 1.50629e+09	 1.51185e+09	 1.51185e+09	 1.77008e+09	 1.51185e+09	 1.51185e+09	 
  0.0164	 1.44775e+09	 1.49337e+09	 1.49337e+09	 1.72046e+09	 1.49337e+09	 1.49337e+09	 
  0.0166	 1.39096e+09	 1.47454e+09	 1.47454e+09	 1.6716e+09	 1.47454e+09	 1.47454e+09	 
  0.0168	 1.3359e+09	 1.4554e+09	 1.4554e+09	 1.62352e+09	 1.4554e+09	 1.4554e+09	 
   0.017	 1.28257e+09	 1.43599e+09	 1.43599e+09	 1.57624e+09	 1.43599e+09	 1.43599e+09	 
  0.0172	 1.23092e+09	 1.41633e+09	 1.41633e+09	 1.5298e+09	 1.41633e+09	 1.41633e+09	 
  0.0174	 1.18096e+09	 1.39644e+09	 1.39644e+09	 1.48421e+09	 1.39644e+09	 1.39644e+09	 
  0.0176	 1.13264e+09	 1.37637e+09	 1.37637e+09	 1.43948e+09	 1.37637e+09	 1.37637e+09	 
  0.0178	 1.08594e+09	 1.35614e+09	 1.35614e+09	 1.39564e+09	 1.35614e+09	 1.35614e+09	 
   0.018	 1.04083e+09	 1.33577e+09	 1.33577e+09	 1.3527e+09	 1.33577e+09	 1.33577e+09	 
  0.0182	 9.97285e+08	 1.31528e+09	 1.31528e+09	 1.31066e+09	 1.31528e+09	 1.31528e+09	 
  0.0184	 9.55267e+08	 1.2947e+09	 1.2947e+09	 1.26953e+09	 1.2947e+09	 1.2947e+09	 
  0.0186	 9.14746e+08	 1.27406e+09	 1.27406e+09	 1.22932e+09	 1.27406e+09	 1.27406e+09	 
  0.0188	 8.75685e+08	 1.25337e+09	 1.25337e+09	 1.19003e+09	 1.25337e+09	 1.25337e+09	 
   0.019	 8.38052e+08	 1.23266e+09	 1.23266e+09	 1.15166e+09	 1.23266e+09	 1.23266e+09	 
  0.0192	 8.01811e+08	 1.21194e+09	 1.21194e+09	 1.1142e+09	 1.21194e+09	 1.21194e+09	 
  0.0194	 7.66925e+08	 1.19124e+09	 1.19124e+09	 1.07767e+09	 1.19124e+09	 1.19124e+09	 
  0.0196	 7.33359e+08	 1.17057e+09	 1.17057e+09	 1.04205e+09	 1.17057e+09	 1.17057e+09	 
  0.0198	 7.01077e+08	 1.14995e+09	 1.14995e+09	 1.00733e+09	 1.14995e+09	 1.14995e+09	 
    0.02	 6.70042e+08	 1.12939e+09	 1.12939e+09	 9.73515e+08	 1.12939e+09	 1.12939e+09	 
  0.0202	 6.40218e+08	 1.10892e+09	 1.10892e+09	 9.40594e+08	 1.10892e+09	 1.10892e+09	 
  0.0204	 6.1157e+08	 1.08854e+09	 1.08854e+09	 9.08556e+08	 1.08854e+09	 1.08854e+09	 
  0.0206	 5.8406e+08	 1.06827e+09	 1.06827e+09	 8.77392e+08	 1.06827e+09	 1.06827e+09	 
  0.0208	 5.57655e+08	 1.04812e+09	 1.04812e+09	 8.47091e+08	 1.04812e+09	 1.04812e+09	 
   0.021	 5.32319e+08	 1.02811e+09	 1.02811e+09	 8.17642e+08	 1.02811e+09	 1.02811e+09	 
  0.0212	 5.08016e+08	 1.00824e+09	 1.00824e+09	 7.89033e+08	 1.00824e+09	 1.00824e+09	 
  0.0214	 4.84713e+08	 9.88529e+08	 9.88529e+08	 7.6125e+08	 9.88529e+08	 9.88529e+08	 
  0.0216	 4.62377e+08	 9.68985e+08	 9.68985e+08	 7.3428e+08	 9.68985e+08	 9.68985e+08	 
  0.0218	 4.40974e+08	 9.49617e+08	 9.49617e+08	 7.0811e+08	 9.49617e+08	 9.49617e+08	 
   0.022	 4.20472e+08	 9.30434e+08	 9.30434e+08	 6.82724e+08	 9.30434e+08	 9.30434e+08	 
  0.0222	 4.00839e+08	 9.11444e+08	 9.11444e+08	 6.58108e+08	 9.11444e+08	 9.11444e+08	 
  0.0224	 3.82044e+08	 8.92654e+08	 8.92654e+08	 6.34247e+08	 8.92654e+08	 8.92654e+08	 
  0.0226	 3.64056e+08	 8.74072e+08	 8.74072e+08	 6.11126e+08	 8.74072e+08	 8.74072e+08	 
  0.0228	 3.46846e+08	 8.55704e+08	 8.55704e+08	 5.88729e+08	 8.55704e+08	 8.55704e+08	 
   0.023	 3.30385e+08	 8.37555e+08	 8.37555e+08	 5.67041e+08	 8.37555e+08	 8.37555e+08	 
  0.0232	 3.14645e+08	 8.19631e+08	 8.19631e+08	 5.46045e+08	 8.19631e+08	 8.19631e+08	 
  0.0234	 2.99599e+08	 8.01936e+08	 8.01936e+08	 5.25726e+08	 8.01936e+08	 8.01936e+08	 
  0.0236	 2.85219e+08	 7.84476e+08	 7.84476e+08	 5.06067e+08	 7.84476e+08	 7.84476e+08	 
  0.0238	 2.71479e+08	 7.67253e+08	 7.67253e+08	 4.87054e+08	 7.67253e+08	 7.67253e+08	 
   0.024	 2.58355e+08	 7.50272e+08	 7.50272e+08	 4.6867e+08	 7.50272e+08	 7.50272e+08	 
  0.0242	 2.45823e+08	 7.33535e+08	 7.33535e+08	 4.50899e+08	 7.33535e+08	 7.33535e+08	 
  0.0244	 2.33857e+08	 7.17044e+08	 7.17044e+08	 4.33726e+08	 7.17044e+08	 7.17044e+08	 
  0.0246	 2.22436e+08	 7.00803e+08	 7.00803e+08	 4.17135e+08	 7.00803e+08	 7.00803e+08	 
  0.0248	 2.11538e+08	 6.84813e+08	 6.84813e+08	 4.0111e+08	 6.84813e+08	 6.84813e+08	 
   0.025	 2.0114e+08	 6.69075e+08	 6.69075e+08	 3.85636e+08	 6.69075e+08	 6.69075e+08	 
  0.0252	 1.91222e+08	 6.53591e+08	 6.53591e+08	 3.70698e+08	 6.53591e+08	 6.53591e+08	 
  0.0254	 1.81764e+08	 6.38361e+08	 6.38361e+08	 3.5628e+08	 6.38361e+08	 6.38361e+08	 
  0.0256	 1.72746e+08	 6.23387e+08	 6.23387e+08	 3.42369e+08	 6.23387e+08	 6.23387e+08	 
  0.0258	 1.64151e+08	 6.08668e+08	 6.08668e+08	 3.28949e+08	 6.08668e+08	 6.08668e+08	 
   0.026	 1.55959e+08	 5.94204e+08	 5.94204e+08	 3.16007e+08	 5.94204e+08	 5.94204e+08	 
  0.0262	 1.48154e+08	 5.79995e+08	 5.79995e+08	 3.03527e+08	 5.79995e+08	 5.79995e+08	 
  0.0264	 1.40719e+08	 5.6604e+08	 5.6604e+08	 2.91497e+08	 5.6604e+08	 5.6604e+08	 
  0.0266	 1.33637e+08	 5.5234e+08	 5.5234e+08	 2.79902e+08	 5.5234e+08	 5.5234e+08	 
  0.0268	 1.26894e+08	 5.38892e+08	 5.38892e+08	 2.68729e+08	 5.38892e+08	 5.38892e+08	 
   0.027	 1.20474e+08	 5.25697e+08	 5.25697e+08	 2.57965e+08	 5.25697e+08	 5.25697e+08	 
  0.0272	 1.14362e+08	 5.12751e+08	 5.12751e+08	 2.47597e+08	 5.12751e+08	 5.12751e+08	 
  0.0274	 1.08546e+08	 5.00055e+08	 5.00055e+08	 2.37613e+08	 5.00055e+08	 5.00055e+08	 
  0.0276	 1.03012e+08	 4.87606e+08	 4.87606e+08	 2.28e+08	 4.87606e+08	 4.87606e+08	 
  0.0278	 9.77464e+07	 4.75402e+08	 4.75402e+08	 2.18746e+08	 4.75402e+08	 4.75402e+08	 
   0.028	 9.27381e+07	 4.63442e+08	 4.63442e+08	 2.0984e+08	 4.63442e+08	 4.63442e+08	 
  0.0282	 8.7975e+07	 4.51723e+08	 4.51723e+08	 2.01271e+08	 4.51723e+08	 4.51723e+08	 
  0.0284	 8.34459e+07	 4.40243e+08	 4.40243e+08	 1.93026e+08	 4.40243e+08	 4.40243e+08	 
  0.0286	 7.914e+07	 4.29001e+08	 4.29001e+08	 1.85095e+08	 4.29001e+08	 4.29001e+08	 
  0.0288	 7.50469e+07	 4.17992e+08	 4.17992e+08	 1.77468e+08	 4.17992e+08	 4.17992e+08	 
   0.029	 7.11568e+07	 4.07215e+08	 4.07215e+08	 1.70134e+08	 4.07215e+08	 4.07215e+08	 
  0.0292	 6.74602e+07	 3.96667e+08	 3.96667e+08	 1.63083e+08	 3.96667e+08	 3.96667e+08	 
  0.0294	 6.39481e+07	 3.86346e+08	 3.86346e+08	 1.56305e+08	 3.86346e+08	 3.86346e+08	 
  0.0296	 6.06116e+07	 3.76248e+08	 3.76248e+08	 1.49791e+08	 3.76248e+08	 3.76248e+08	 
  0.0298	 5.74426e+07	 3.66371e+08	 3.66371e+08	 1.43532e+08	 3.66371e+08	 3.66371e+08	 
    0.03	 5.4433e+07	 3.56712e+08	 3.56712e+08	 1.37519e+08	 3.56712e+08	 3.56712e+08	 
  0.0302	 5.15753e+07	 3.47268e+08	 3.47268e+08	 1.31742e+08	 3.47268e+08	 3.47268e+08	 
  0.0304	 4.88622e+07	 3.38035e+08	 3.38035e+08	 1.26194e+08	 3.38035e+08	 3.38035e+08	 
  0.0306	 4.62867e+07	 3.29011e+08	 3.29011e+08	 1.20866e+08	 3.29011e+08	 3.29011e+08	 
  0.0308	 4.38422e+07	 3.20193e+08	 3.20193e+08	 1.1575e+08	 3.20193e+08	 3.20193e+08	 
   0.031	 4.15224e+07	 3.11577e+08	 3.11577e+08	 1.10838e+08	 3.11577e+08	 3.11577e+08	 
  0.0312	 3.93211e+07	 3.0316e+08	 3.0316e+08	 1.06124e+08	 3.0316e+08	 3.0316e+08	 
  0.0314	 3.72327e+07	 2.9494e+08	 2.9494e+08	 1.01599e+08	 2.9494e+08	 2.9494e+08	 
  0.0316	 3.52515e+07	 2.86912e+08	 2.86912e+08	 9.72574e+07	 2.86912e+08	 2.86912e+08	 
  0.0318	 3.33724e+07	 2.79074e+08	 2.79074e+08	 9.30915e+07	 2.79074e+08	 2.79074e+08	 
   0.032	 3.15903e+07	 2.71422e+08	 2.71422e+08	 8.9095e+07	 2.71422e+08	 2.71422e+08	 
  0.0322	 2.99003e+07	 2.63953e+08	 2.63953e+08	 8.52614e+07	 2.63953e+08	 2.63953e+08	 
  0.0324	 2.8298e+07	 2.56664e+08	 2.56664e+08	 8.15847e+07	 2.56664e+08	 2.56664e+08	 
  0.0326	 2.6779e+07	 2.49553e+08	 2.49553e+08	 7.80589e+07	 2.49553e+08	 2.49553e+08	 
  0.0328	 2.53391e+07	 2.42614e+08	 2.42614e+08	 7.46782e+07	 2.42614e+08	 2.42614e+08	 
   0.033	 2.39744e+07	 2.35846e+08	 2.35846e+08	 7.14371e+07	 2.35846e+08	 2.35846e+08	 
  0.0332	 2.2681e+07	 2.29245e+08	 2.29245e+08	 6.83303e+07	 2.29245e+08	 2.29245e+08	 
  0.0334	 2.14554e+07	 2.22807e+08	 2.22807e+08	 6.53524e+07	 2.22807e+08	 2.22807e+08	 
  0.0336	 2.02942e+07	 2.16531e+08	 2.16531e+08	 6.24985e+07	 2.16531e+08	 2.16531e+08	 
  0.0338	 1.91942e+07	 2.10412e+08	 2.10412e+08	 5.97638e+07	 2.10412e+08	 2.10412e+08	 
   0.034	 1.81521e+07	 2.04447e+08	 2.04447e+08	 5.71436e+07	 2.04447e+08	 2.04447e+08	 
  0.0342	 1.71651e+07	 1.98634e+08	 1.98634e+08	 5.46334e+07	 1.98634e+08	 1.98634e+08	 
  0.0344	 1.62304e+07	 1.92969e+08	 1.92969e+08	 5.22289e+07	 1.92969e+08	 1.92969e+08	 
  0.0346	 1.53452e+07	 1.87449e+08	 1.87449e+08	 4.99259e+07	 1.87449e+08	 1.87449e+08	 
  0.0348	 1.45071e+07	 1.82072e+08	 1.82072e+08	 4.77203e+07	 1.82072e+08	 1.82072e+08	 
   0.035	 1.37136e+07	 1.76833e+08	 1.76833e+08	 4.56083e+07	 1.76833e+08	 1.76833e+08	 
  0.0352	 1.29625e+07	 1.71731e+08	 1.71731e+08	 4.35861e+07	 1.71731e+08	 1.71731e+08	 
  0.0354	 1.22514e+07	 1.66762e+08	 1.66762e+08	 4.165e+07	 1.66762e+08	 1.66762e+08	 
  0.0356	 1.15785e+07	 1.61924e+08	 1.61924e+08	 3.97967e+07	 1.61924e+08	 1.61924e+08	 
  0.0358	 1.09416e+07	 1.57213e+08	 1.57213e+08	 3.80228e+07	 1.57213e+08	 1.57213e+08	 
   0.036	 1.0339e+07	 1.52627e+08	 1.52627e+08	 3.63251e+07	 1.52627e+08	 1.52627e+08	 
  0.0362	 9.76873e+06	 1.48162e+08	 1.48162e+08	 3.47003e+07	 1.48162e+08	 1.48162e+08	 
  0.0364	 9.22923e+06	 1.43817e+08	 1.43817e+08	 3.31457e+07	 1.43817e+08	 1.43817e+08	 
  0.0366	 8.71886e+06	 1.39589e+08	 1.39589e+08	 3.16582e+07	 1.39589e+08	 1.39589e+08	 
  0.0368	 8.23609e+06	 1.35475e+08	 1.35475e+08	 3.02352e+07	 1.35475e+08	 1.35475e+08	 
   0.037	 7.77947e+06	 1.31471e+08	 1.31471e+08	 2.88739e+07	 1.31471e+08	 1.31471e+08	 
  0.0372	 7.34761e+06	 1.27577e+08	 1.27577e+08	 2.75719e+07	 1.27577e+08	 1.27577e+08	 
  0.0374	 6.93922e+06	 1.23788e+08	 1.23788e+08	 2.63266e+07	 1.23788e+08	 1.23788e+08	 
  0.0376	 6.55306e+06	 1.20103e+08	 1.20103e+08	 2.51357e+07	 1.20103e+08	 1.20103e+08	 
  0.0378	 6.18794e+06	 1.1652e+08	 1.1652e+08	 2.39969e+07	 1.1652e+08	 1.1652e+08	 
   0.038	 5.84274e+06	 1.13035e+08	 1.13035e+08	 2.2908e+07	 1.13035e+08	 1.13035e+08	 
  0.0382	 5.51642e+06	 1.09646e+08	 1.09646e+08	 2.1867e+07	 1.09646e+08	 1.09646e+08	 
  0.0384	 5.20796e+06	 1.06352e+08	 1.06352e+08	 2.08719e+07	 1.06352e+08	 1.06352e+08	 
  0.0386	 4.9164e+06	 1.03149e+08	 1.03149e+08	 1.99206e+07	 1.03149e+08	 1.03149e+08	 
  0.0388	 4.64086e+06	 1.00036e+08	 1.00036e+08	 1.90114e+07	 1.00036e+08	 1.00036e+08	 
   0.039	 4.38046e+06	 9.70098e+07	 9.70098e+07	 1.81424e+07	 9.70098e+07	 9.70098e+07	 
  0.0392	 4.13439e+06	 9.40691e+07	 9.40691e+07	 1.7312e+07	 9.40691e+07	 9.40691e+07	 
  0.0394	 3.90189e+06	 9.12113e+07	 9.12113e+07	 1.65185e+07	 9.12113e+07	 9.12113e+07	 
  0.0396	 3.68223e+06	 8.84345e+07	 8.84345e+07	 1.57603e+07	 8.84345e+07	 8.84345e+07	 
  0.0398	 3.4747e+06	 8.57365e+07	 8.57365e+07	 1.50359e+07	 8.57365e+07	 8.57365e+07	 
    0.04	 3.27866e+06	 8.31155e+07	 8.31155e+07	 1.43439e+07	 8.31155e+07	 8.31155e+07	 
  0.0402	 3.09349e+06	 8.05694e+07	 8.05694e+07	 1.36829e+07	 8.05694e+07	 8.05694e+07	 
  0.0404	 2.91859e+06	 7.80963e+07	 7.80963e+07	 1.30515e+07	 7.80963e+07	 7.80963e+07	 
  0.0406	 2.7534e+06	 7.56943e+07	 7.56943e+07	 1.24484e+07	 7.56943e+07	 7.56943e+07	 
  0.0408	 2.59741e+06	 7.33615e+07	 7.33615e+07	 1.18724e+07	 7.33615e+07	 7.33615e+07	 
   0.041	 2.4501e+06	 7.10963e+07	 7.10963e+07	 1.13225e+07	 7.10963e+07	 7.10963e+07	 
  0.0412	 2.31101e+06	 6.88968e+07	 6.88968e+07	 1.07973e+07	 6.88968e+07	 6.88968e+07	 
  0.0414	 2.17969e+06	 6.67612e+07	 6.67612e+07	 1.02958e+07	 6.67612e+07	 6.67612e+07	 
  0.0416	 2.0557e+06	 6.4688e+07	 6.4688e+07	 9.81709e+06	 6.4688e+07	 6.4688e+07	 
  0.0418	 1.93865e+06	 6.26754e+07	 6.26754e+07	 9.36005e+06	 6.26754e+07	 6.26754e+07	 
   0.042	 1.82817e+06	 6.07218e+07	 6.07218e+07	 8.92377e+06	 6.07218e+07	 6.07218e+07	 
  0.0422	 1.72388e+06	 5.88257e+07	 5.88257e+07	 8.50732e+06	 5.88257e+07	 5.88257e+07	 
  0.0424	 1.62544e+06	 5.69854e+07	 5.69854e+07	 8.10983e+06	 5.69854e+07	 5.69854e+07	 
  0.0426	 1.53254e+06	 5.51996e+07	 5.51996e+07	 7.73048e+06	 5.51996e+07	 5.51996e+07	 
  0.0428	 1.44487e+06	 5.34667e+07	 5.34667e+07	 7.36845e+06	 5.34667e+07	 5.34667e+07	 
   0.043	 1.36214e+06	 5.17853e+07	 5.17853e+07	 7.02298e+06	 5.17853e+07	 5.17853e+07	 
  0.0432	 1.28407e+06	 5.01539e+07	 5.01539e+07	 6.69334e+06	 5.01539e+07	 5.01539e+07	 
  0.0434	 1.21042e+06	 4.85713e+07	 4.85713e+07	 6.37882e+06	 4.85713e+07	 4.85713e+07	 
  0.0436	 1.14092e+06	 4.7036e+07	 4.7036e+07	 6.07874e+06	 4.7036e+07	 4.7036e+07	 
  0.0438	 1.07536e+06	 4.55467e+07	 4.55467e+07	 5.79247e+06	 4.55467e+07	 4.55467e+07	 
   0.044	 1.01352e+06	 4.41023e+07	 4.41023e+07	 5.51938e+06	 4.41023e+07	 4.41023e+07	 
  0.0442	   955175	 4.27014e+07	 4.27014e+07	 5.25888e+06	 4.27014e+07	 4.27014e+07	 
  0.0444	   900146	 4.13427e+07	 4.13427e+07	 5.01042e+06	 4.13427e+07	 4.13427e+07	 
  0.0446	   848243	 4.00253e+07	 4.00253e+07	 4.77345e+06	 4.00253e+07	 4.00253e+07	 
  0.0448	   799293	 3.87477e+07	 3.87477e+07	 4.54745e+06	 3.87477e+07	 3.87477e+07	 
   0.045	   753129	 3.75091e+07	 3.75091e+07	 4.33192e+06	 3.75091e+07	 3.75091e+07	 
  0.0452	   709596	 3.63082e+07	 3.63082e+07	 4.12641e+06	 3.63082e+07	 3.63082e+07	 
  0.0454	   668546	 3.51439e+07	 3.51439e+07	 3.93044e+06	 3.51439e+07	 3.51439e+07	 
  0.0456	   629839	 3.40153e+07	 3.40153e+07	 3.74359e+06	 3.40153e+07	 3.40153e+07	 
  0.0458	   593345	 3.29213e+07	 3.29213e+07	 3.56545e+06	 3.29213e+07	 3.29213e+07	 
   0.046	   558938	 3.18609e+07	 3.18609e+07	 3.39562e+06	 3.18609e+07	 3.18609e+07	 
  0.0462	   526501	 3.08331e+07	 3.08331e+07	 3.23372e+06	 3.08331e+07	 3.08331e+07	 
  0.0464	   495923	 2.98371e+07	 2.98371e+07	 3.07939e+06	 2.98371e+07	 2.98371e+07	 
  0.0466	   467098	 2.88718e+07	 2.88718e+07	 2.93229e+06	 2.88718e+07	 2.88718e+07	 
  0.0468	   439929	 2.79365e+07	 2.79365e+07	 2.79208e+06	 2.79365e+07	 2.79365e+07	 
   0.047	   414320	 2.70302e+07	 2.70302e+07	 2.65845e+06	 2.70302e+07	 2.70302e+07	 
  0.0472	   390185	 2.6152e+07	 2.6152e+07	 2.5311e+06	 2.6152e+07	 2.6152e+07	 
  0.0474	   367438	 2.53012e+07	 2.53012e+07	 2.40974e+06	 2.53012e+07	 2.53012e+07	 
  0.0476	   346002	 2.4477e+07	 2.4477e+07	 2.29409e+06	 2.4477e+07	 2.4477e+07	 
  0.0478	   325802	 2.36785e+07	 2.36785e+07	 2.18389e+06	 2.36785e+07	 2.36785e+07	 
   0.048	   306768	 2.29051e+07	 2.29051e+07	 2.07889e+06	 2.29051e+07	 2.29051e+07	 
  0.0482	   288832	 2.21559e+07	 2.21559e+07	 1.97886e+06	 2.21559e+07	 2.21559e+07	 
  0.0484	   271934	 2.14303e+07	 2.14303e+07	 1.88355e+06	 2.14303e+07	 2.14303e+07	 
  0.0486	   256013	 2.07275e+07	 2.07275e+07	 1.79275e+06	 2.07275e+07	 2.07275e+07	 
  0.0488	   241014	 2.00469e+07	 2.00469e+07	 1.70626e+06	 2.00469e+07	 2.00469e+07	 
   0.049	   226884	 1.93878e+07	 1.93878e+07	 1.62387e+06	 1.93878e+07	 1.93878e+07	 
  0.0492	   213573	 1.87495e+07	 1.87495e+07	 1.54539e+06	 1.87495e+07	 1.87495e+07	 
  0.0494	   201035	 1.81315e+07	 1.81315e+07	 1.47064e+06	 1.81315e+07	 1.81315e+07	 
  0.0496	   189225	 1.75332e+07	 1.75332e+07	 1.39945e+06	 1.75332e+07	 1.75332e+07	 
  0.0498	   178101	 1.69538e+07	 1.69538e+07	 1.33164e+06	 1.69538e+07	 1.69538e+07	 
    0.05	   167625	 1.6393e+07	 1.6393e+07	 1.26707e+06	 1.6393e+07	 1.6393e+07	 
  0.0502	   157758	 1.585e+07	 1.585e+07	 1.20559e+06	 1.585e+07	 1.585e+07	 
  0.0504	   148466	 1.53244e+07	 1.53244e+07	 1.14704e+06	 1.53244e+07	 1.53244e+07	 
  0.0506	   139716	 1.48156e+07	 1.48156e+07	 1.09128e+06	 1.48156e+07	 1.48156e+07	 
  0.0508	   131476	 1.43231e+07	 1.43231e+07	 1.0382e+06	 1.43231e+07	 1.43231e+07	 
   0.051	   123718	 1.38464e+07	 1.38464e+07	   987659	 1.38464e+07	 1.38464e+07	 
  0.0512	   116412	 1.33851e+07	 1.33851e+07	   939541	 1.33851e+07	 1.33851e+07	 
  0.0514	   109534	 1.29386e+07	 1.29386e+07	   893732	 1.29386e+07	 1.29386e+07	 
  0.0516	   103058	 1.25066e+07	 1.25066e+07	   850124	 1.25066e+07	 1.25066e+07	 
  0.0518	  96961.8	 1.20884e+07	 1.20884e+07	   808612	 1.20884e+07	 1.20884e+07	 
   0.052	  91222.4	 1.16839e+07	 1.16839e+07	   769098	 1.16839e+07	 1.16839e+07	 
  0.0522	  85819.4	 1.12924e+07	 1.12924e+07	   731487	 1.12924e+07	 1.12924e+07	 
  0.0524	  80733.5	 1.09136e+07	 1.09136e+07	   695688	 1.09136e+07	 1.09136e+07	 
  0.0526	  75946.2	 1.05472e+07	 1.05472e+07	   661617	 1.05472e+07	 1.05472e+07	 
  0.0528	  71440.1	 1.01926e+07	 1.01926e+07	   629191	 1.01926e+07	 1.01926e+07	 
   0.053	    67199	 9.84964e+06	 9.84964e+06	   598333	 9.84964e+06	 9.84964e+06	 
  0.0532	  63207.3	 9.51785e+06	 9.51785e+06	   568966	 9.51785e+06	 9.51785e+06	 
  0.0534	  59450.6	 9.1969e+06	 9.1969e+06	   541022	 9.1969e+06	 9.1969e+06	 
  0.0536	  55915.2	 8.88645e+06	 8.88645e+06	   514431	 8.88645e+06	 8.88645e+06	 
  0.0538	  52588.2	 8.58617e+06	 8.58617e+06	   489130	 8.58617e+06	 8.58617e+06	 
   0.054	  49457.4	 8.29574e+06	 8.29574e+06	   465056	 8.29574e+06	 8.29574e+06	 
  0.0542	  46511.4	 8.01485e+06	 8.01485e+06	   442152	 8.01485e+06	 8.01485e+06	 
  0.0544	  43739.3	 7.7432e+06	 7.7432e+06	   420361	 7.7432e+06	 7.7432e+06	 
  0.0546	    41131	 7.4805e+06	 7.4805e+06	   399630	 7.4805e+06	 7.4805e+06	 
  0.0548	    38677	 7.22646e+06	 7.22646e+06	   379908	 7.22646e+06	 7.22646e+06	 
   0.055	  36368.2	 6.9808e+06	 6.9808e+06	   361148	 6.9808e+06	 6.9808e+06	 
  0.0552	    34196	 6.74327e+06	 6.74327e+06	   343302	 6.74327e+06	 6.74327e+06	 
  0.0554	  32152.5	 6.51359e+06	 6.51359e+06	   326326	 6.51359e+06	 6.51359e+06	 
  0.0556	  30230.1	 6.29153e+06	 6.29153e+06	   310180	 6.29153e+06	 6.29153e+06	 
  0.0558	  28421.7	 6.07684e+06	 6.07684e+06	   294823	 6.07684e+06	 6.07684e+06	 
   0.056	  26720.6	 5.86927e+06	 5.86927e+06	   280217	 5.86927e+06	 5.86927e+06	 
  0.0562	  25120.5	 5.66861e+06	 5.66861e+06	   266326	 5.66861e+06	 5.66861e+06	 
  0.0564	  23615.5	 5.47463e+06	 5.47463e+06	   253115	 5.47463e+06	 5.47463e+06	 
  0.0566	    22200	 5.28712e+06	 5.28712e+06	   240551	 5.28712e+06	 5.28712e+06	 
  0.0568	  20868.6	 5.10587e+06	 5.10587e+06	   228604	 5.10587e+06	 5.10587e+06	 
   0.057	  19616.4	 4.93067e+06	 4.93067e+06	   217244	 4.93067e+06	 4.93067e+06	 
  0.0572	  18438.9	 4.76133e+06	 4.76133e+06	   206441	 4.76133e+06	 4.76133e+06	 
  0.0574	  17331.4	 4.59766e+06	 4.59766e+06	   196169	 4.59766e+06	 4.59766e+06	 
  0.0576	    16290	 4.43948e+06	 4.43948e+06	   186403	 4.43948e+06	 4.43948e+06	 
  0.0578	  15310.7	 4.28661e+06	 4.28661e+06	   177117	 4.28661e+06	 4.28661e+06	 
   0.058	  14389.8	 4.13887e+06	 4.13887e+06	   168289	 4.13887e+06	 4.13887e+06	 
  0.0582	  13523.9	 3.9961e+06	 3.9961e+06	   159896	 3.9961e+06	 3.9961e+06	 
  0.0584	  12709.7	 3.85814e+06	 3.85814e+06	   151917	 3.85814e+06	 3.85814e+06	 
  0.0586	  11944.2	 3.72483e+06	 3.72483e+06	   144331	 3.72483e+06	 3.72483e+06	 
  0.0588	  11224.4	 3.59602e+06	 3.59602e+06	   137121	 3.59602e+06	 3.59602e+06	 
   0.059	  10547.8	 3.47156e+06	 3.47156e+06	   130266	 3.47156e+06	 3.47156e+06	 
  0.0592	  9911.59	 3.35131e+06	 3.35131e+06	   123751	 3.35131e+06	 3.35131e+06	 
  0.0594	  9313.51	 3.23512e+06	 3.23512e+06	   117558	 3.23512e+06	 3.23512e+06	 
  0.0596	  8751.27	 3.12288e+06	 3.12288e+06	   111672	 3.12288e+06	 3.12288e+06	 
  0.0598	  8222.74	 3.01444e+06	 3.01444e+06	   106077	 3.01444e+06	 3.01444e+06	 
    0.06	  7725.91	 2.90968e+06	 2.90968e+06	   100760	 2.90968e+06	 2.90968e+06	 
  0.0602	  7258.89	 2.80848e+06	 2.80848e+06	  95706.3	 2.80848e+06	 2.80848e+06	 
  0.0604	  6819.91	 2.71072e+06	 2.71072e+06	  90903.7	 2.71072e+06	 2.71072e+06	 
  0.0606	   6407.3	 2.6163e+06	 2.6163e+06	  86339.6	 2.6163e+06	 2.6163e+06	 
  0.0608	  6019.49	 2.52509e+06	 2.52509e+06	  82002.4	 2.52509e+06	 2.52509e+06	 
   0.061	     5655	 2.43699e+06	 2.43699e+06	  77880.9	 2.43699e+06	 2.43699e+06	 
  0.0612	  5312.43	 2.3519e+06	 2.3519e+06	  73964.6	 2.3519e+06	 2.3519e+06	 
  0.0614	  4990.47	 2.26972e+06	 2.26972e+06	  70243.2	 2.26972e+06	 2.26972e+06	 
  0.0616	  4687.91	 2.19035e+06	 2.19035e+06	  66707.2	 2.19035e+06	 2.19035e+06	 
  0.0618	  4403.57	 2.1137e+06	 2.1137e+06	  63347.5	 2.1137e+06	 2.1137e+06	 
   0.062	  4136.36	 2.03968e+06	 2.03968e+06	  60155.4	 2.03968e+06	 2.03968e+06	 
  0.0622	  3885.27	 1.96819e+06	 1.96819e+06	  57122.7	 1.96819e+06	 1.96819e+06	 
  0.0624	  3649.32	 1.89916e+06	 1.89916e+06	  54241.3	 1.89916e+06	 1.89916e+06	 
  0.0626	  3427.61	 1.8325e+06	 1.8325e+06	    51504	 1.8325e+06	 1.8325e+06	 
  0.0628	  3219.29	 1.76814e+06	 1.76814e+06	  48903.5	 1.76814e+06	 1.76814e+06	 
   0.063	  3023.55	 1.70599e+06	 1.70599e+06	  46433.1	 1.70599e+06	 1.70599e+06	 
  0.0632	  2839.64	 1.64598e+06	 1.64598e+06	  44086.3	 1.64598e+06	 1.64598e+06	 
  0.0634	  2666.85	 1.58805e+06	 1.58805e+06	  41857.1	 1.58805e+06	 1.58805e+06	 
  0.0636	  2504.51	 1.53211e+06	 1.53211e+06	  39739.6	 1.53211e+06	 1.53211e+06	 
  0.0638	     2352	 1.4781e+06	 1.4781e+06	  37728.2	 1.4781e+06	 1.4781e+06	 
   0.064	  2208.71	 1.42597e+06	 1.42597e+06	  35817.8	 1.42597e+06	 1.42597e+06	 
  0.0642	   2074.1	 1.37563e+06	 1.37563e+06	  34003.2	 1.37563e+06	 1.37563e+06	 
  0.0644	  1947.65	 1.32704e+06	 1.32704e+06	  32279.7	 1.32704e+06	 1.32704e+06	 
  0.0646	  1828.87	 1.28014e+06	 1.28014e+06	  30642.9	 1.28014e+06	 1.28014e+06	 
  0.0648	  1717.28	 1.23486e+06	 1.23486e+06	  29088.3	 1.23486e+06	 1.23486e+06	 
   0.065	  1612.47	 1.19116e+06	 1.19116e+06	  27611.9	 1.19116e+06	 1.19116e+06	 
  0.0652	  1514.01	 1.14897e+06	 1.14897e+06	  26209.8	 1.14897e+06	 1.14897e+06	 
  0.0654	  1421.54	 1.10825e+06	 1.10825e+06	  24878.3	 1.10825e+06	 1.10825e+06	 
  0.0656	  1334.68	 1.06895e+06	 1.06895e+06	  23613.9	 1.06895e+06	 1.06895e+06	 
  0.0658	  1253.09	 1.03101e+06	 1.03101e+06	  22413.2	 1.03101e+06	 1.03101e+06	 
   0.066	  1176.47	   994402	   994402	    21273	   994402	   994402	 
  0.0662	  1104.51	   959068	   959068	  20190.4	   959068	   959068	 
  0.0664	  1036.92	   924968	   924968	  19162.4	   924968	   924968	 
  0.0666	  973.451	   892060	   892060	  18186.4	   892060	   892060	 
  0.0668	  913.843	   860302	   860302	  17259.6	   860302	   860302	 
   0.067	  857.865	   829656	   829656	  16379.7	   829656	   829656	 
  0.0672	  805.298	   800083	   800083	  15544.3	   800083	   800083	 
  0.0674	  755.936	   771546	   771546	  14751.2	   771546	   771546	 
  0.0676	  709.583	   744010	   744010	  13998.2	   744010	   744010	 
  0.0678	  666.057	   717441	   717441	  13283.3	   717441	   717441	 
   0.068	  625.188	   691805	   691805	  12604.7	   691805	   691805	 
  0.0682	  586.814	   667071	   667071	  11960.5	   667071	   667071	 
  0.0684	  550.783	   643206	   643206	    11349	   643206	   643206	 
  0.0686	  516.953	   620181	   620181	  10768.4	   620181	   620181	 
  0.0688	   485.19	   597968	   597968	  10217.4	   597968	   597968	 
   0.069	  455.369	   576537	   576537	  9694.35	   576537	   576537	 
  0.0692	  427.372	   555863	   555863	  9197.87	   555863	   555863	 
  0.0694	  401.088	   535918	   535918	  8726.63	   535918	   535918	 
  0.0696	  376.413	   516678	   516678	  8279.36	   516678	   516678	 
  0.0698	  353.248	   498118	   498118	  7854.84	   498118	   498118	 
    0.07	  331.501	   480214	   480214	  7451.94	   480214	   480214	 
  0.0702	  311.087	   462945	   462945	  7069.55	   462945	   462945	 
  0.0704	  291.924	   446287	   446287	  6706.64	   446287	   446287	 
  0.0706	  273.936	   430219	   430219	  6362.23	   430219	   430219	 
  0.0708	  257.051	   414721	   414721	  6035.38	   414721	   414721	 
   0.071	  241.202	   399774	   399774	  5725.21	   399774	   399774	 
  0.0712	  226.326	   385357	   385357	  5430.87	   385357	   385357	 
  0.0714	  212.363	   371452	   371452	  5151.55	   371452	   371452	 
  0.0716	  199.257	   358042	   358042	   4886.5	   358042	   358042	 
  0.0718	  186.957	   345109	   345109	  4634.99	   345109	   345109	 
   0.072	  175.412	   332637	   332637	  4396.35	   332637	   332637	 
  0.0722	  164.577	   320609	   320609	   4169.9	   320609	   320609	 
  0.0724	  154.408	   309010	   309010	  3955.04	   309010	   309010	 
  0.0726	  144.865	   297824	   297824	  3751.18	   297824	   297824	 
  0.0728	  135.909	   287038	   287038	  3557.76	   287038	   287038	 
   0.073	  127.504	   276637	   276637	  3374.24	   276637	   276637	 
  0.0732	  119.617	   266608	   266608	  3200.13	   266608	   266608	 
  0.0734	  112.215	   256937	   256937	  3034.95	   256937	   256937	 
  0.0736	   105.27	   247613	   247613	  2878.23	   247613	   247613	 
  0.0738	   98.752	   238622	   238622	  2729.56	   238622	   238622	 
   0.074	  92.6363	   229954	   229954	  2588.52	   229954	   229954	 
  0.0742	  86.8977	   221596	   221596	  2454.72	   221596	   221596	 
  0.0744	  81.5131	   213538	   213538	  2327.79	   213538	   213538	 
  0.0746	  76.4608	   205769	   205769	  2207.38	   205769	   205769	 
  0.0748	  71.7203	   198279	   198279	  2093.17	   198279	   198279	 
   0.075	  67.2725	   191058	   191058	  1984.82	   191058	   191058	 
  0.0752	  63.0994	   184097	   184097	  1882.05	   184097	   184097	 
  0.0754	   59.184	   177386	   177386	  1784.57	   177386	   177386	 
  0.0756	  55.5107	   170916	   170916	  1692.11	   170916	   170916	 
  0.0758	  52.0644	   164680	   164680	  1604.41	   164680	   164680	 
   0.076	  48.8312	   158668	   158668	  1521.23	   158668	   158668	 
  0.0762	   45.798	   152873	   152873	  1442.33	   152873	   152873	 
  0.0764	  42.9524	   147287	   147287	   1367.5	   147287	   147287	 
  0.0766	   40.283	   141903	   141903	  1296.53	   141903	   141903	 
  0.0768	  37.7788	   136713	   136713	  1229.23	   136713	   136713	 
   0.077	  35.4296	   131711	   131711	  1165.39	   131711	   131711	 
  0.0772	   33.226	   126889	   126889	  1104.85	   126889	   126889	 
  0.0774	  31.1589	   122242	   122242	  1047.44	   122242	   122242	 
  0.0776	  29.2199	   117763	   117763	  992.997	   117763	   117763	 
  0.0778	  27.4011	   113446	   113446	  941.365	   113446	   113446	 
   0.078	   25.695	   109286	   109286	  892.404	   109286	   109286	 
  0.0782	  24.0948	   105276	   105276	  845.974	   105276	   105276	 
  0.0784	  22.5939	   101412	   101412	  801.946	   101412	   101412	 
  0.0786	  21.1861	  97687.6	  97687.6	  760.198	  97687.6	  97687.6	 
  0.0788	  19.8658	  94098.7	  94098.7	   720.61	  94098.7	  94098.7	 
   0.079	  18.6273	  90640.1	  90640.1	  683.073	  90640.1	  90640.1	 
  0.0792	  17.4659	  87307.2	  87307.2	   647.48	  87307.2	  87307.2	 
  0.0794	  16.3765	  84095.5	  84095.5	  613.732	  84095.5	  84095.5	 
  0.0796	  15.3549	  81000.6	  81000.6	  581.733	  81000.6	  81000.6	 
  0.0798	  14.3968	  78018.4	  78018.4	  551.394	  78018.4	  78018.4	 
    0.08	  13.4982	  75144.7	  75144.7	  522.629	  75144.7	  75144.7	 
  0.0802	  12.6555	  72375.7	  72375.7	  495.356	  72375.7	  72375.7	 
  0.0804	  11.8653	  69707.6	  69707.6	  469.499	  69707.6	  69707.6	 
  0.0806	  11.1242	  67136.8	  67136.8	  444.985	  67136.8	  67136.8	 
  0.0808	  10.4292	  64659.7	  64659.7	  421.744	  64659.7	  64659.7	 
   0.081	  9.77751	  62273.1	  62273.1	   399.71	  62273.1	  62273.1	 
  0.0812	   9.1664	  59973.7	  59973.7	  378.822	  59973.7	  59973.7	 
  0.0814	  8.59334	  57758.2	  57758.2	  359.019	  57758.2	  57758.2	 
  0.0816	  8.05599	  55623.7	  55623.7	  340.247	  55623.7	  55623.7	 
  0.0818	  7.55212	  53567.2	  53567.2	  322.451	  53567.2	  53567.2	 
   0.082	  7.07967	    51586	    51586	  305.581	    51586	    51586	 
  0.0822	  6.63666	  49677.3	  49677.3	  289.589	  49677.3	  49677.3	 
  0.0824	  6.22129	  47838.5	  47838.5	   274.43	  47838.5	  47838.5	 
  0.0826	  5.83182	  46067.1	  46067.1	  260.061	  46067.1	  46067.1	 
  0.0828	  5.46666	  44360.6	  44360.6	   246.44	  44360.6	  44360.6	 
   0.083	  5.12428	  42716.6	  42716.6	  233.529	  42716.6	  42716.6	 
  0.0832	  4.80328	    41133	    41133	  221.292	    41133	    41133	 
  0.0834	  4.50232	  39607.5	  39607.5	  209.692	  39607.5	  39607.5	 
  0.0836	  4.22015	  38137.9	  38137.9	  198.697	  38137.9	  38137.9	 
  0.0838	  3.95561	  36722.4	  36722.4	  188.277	  36722.4	  36722.4	 
   0.084	   3.7076	  35358.9	  35358.9	    178.4	  35358.9	  35358.9	 
  0.0842	  3.47509	  34045.5	  34045.5	  169.038	  34045.5	  34045.5	 
  0.0844	  3.25712	  32780.4	  32780.4	  160.166	  32780.4	  32780.4	 
  0.0846	  3.05277	  31561.9	  31561.9	  151.757	  31561.9	  31561.9	 
  0.0848	   2.8612	  30388.2	  30388.2	  143.788	  30388.2	  30388.2	 
   0.085	  2.68162	  29257.8	  29257.8	  136.235	  29257.8	  29257.8	 
  0.0852	  2.51327	    28169	    28169	  129.077	    28169	    28169	 
  0.0854	  2.35546	  27120.3	  27120.3	  122.293	  27120.3	  27120.3	 
  0.0856	  2.20753	  26110.3	  26110.3	  115.864	  26110.3	  26110.3	 
  0.0858	  2.06885	  25137.6	  25137.6	  109.772	  25137.6	  25137.6	 
   0.086	  1.93887	  24200.8	  24200.8	  103.999	  24200.8	  24200.8	 
  0.0862	  1.81702	  23298.5	  23298.5	  98.5274	  23298.5	  23298.5	 
  0.0864	  1.70281	  22429.6	  22429.6	  93.3428	  22429.6	  22429.6	 
  0.0866	  1.59576	  21592.8	  21592.8	  88.4297	  21592.8	  21592.8	 
  0.0868	  1.49541	  20786.9	  20786.9	  83.7741	  20786.9	  20786.9	 
   0.087	  1.40136	  20010.8	  20010.8	  79.3626	  20010.8	  20010.8	 
  0.0872	  1.31321	  19263.5	  19263.5	  75.1823	  19263.5	  19263.5	 
  0.0874	  1.23058	  18543.8	  18543.8	  71.2212	  18543.8	  18543.8	 
  0.0876	  1.15314	  17850.7	  17850.7	  67.4679	  17850.7	  17850.7	 
  0.0878	  1.08055	  17183.3	  17183.3	  63.9116	  17183.3	  17183.3	 
   0.088	  1.01253	  16540.7	  16540.7	  60.5419	  16540.7	  16540.7	 
  0.0882	 0.948769	  15921.8	  15921.8	  57.3491	  15921.8	  15921.8	 
  0.0884	 0.889014	  15325.9	  15325.9	   54.324	  15325.9	  15325.9	 
  0.0886	 0.833012	  14752.2	  14752.2	  51.4578	  14752.2	  14752.2	 
  0.0888	 0.780528	  14199.7	  14199.7	  48.7421	  14199.7	  14199.7	 
   0.089	 0.731341	  13667.7	  13667.7	  46.1692	  13667.7	  13667.7	 
  0.0892	 0.685245	  13155.5	  13155.5	  43.7315	  13155.5	  13155.5	 
  0.0894	 0.642046	  12662.3	  12662.3	   41.422	  12662.3	  12662.3	 
  0.0896	 0.601563	  12187.5	  12187.5	  39.2339	  12187.5	  12187.5	 
  0.0898	 0.563625	  11730.3	  11730.3	   37.161	  11730.3	  11730.3	 
    0.09	 0.528074	  11290.1	  11290.1	  35.1971	  11290.1	  11290.1	 
  0.0902	 0.494758	  10866.3	  10866.3	  33.3366	  10866.3	  10866.3	 
  0.0904	 0.463539	  10458.2	  10458.2	   31.574	  10458.2	  10458.2	 
  0.0906	 0.434284	  10065.4	  10065.4	  29.9043	  10065.4	  10065.4	 
  0.0908	  0.40687	   9687.2	   9687.2	  28.3225	   9687.2	   9687.2	 
   0.091	 0.381182	  9323.09	  9323.09	   26.824	  9323.09	  9323.09	 
  0.0912	 0.357112	  8972.56	  8972.56	  25.4045	  8972.56	  8972.56	 
  0.0914	 0.334557	  8635.09	  8635.09	  24.0598	  8635.09	  8635.09	 
  0.0916	 0.313424	  8310.22	  8310.22	   22.786	  8310.22	  8310.22	 
  0.0918	 0.293621	  7997.47	  7997.47	  21.5794	  7997.47	  7997.47	 
   0.092	 0.275067	   7696.4	   7696.4	  20.4364	   7696.4	   7696.4	 
  0.0922	 0.257681	  7406.57	  7406.57	  19.3538	  7406.57	  7406.57	 
  0.0924	 0.241392	  7127.56	  7127.56	  18.3282	  7127.56	  7127.56	 
  0.0926	  0.22613	  6858.99	  6858.99	  17.3568	  6858.99	  6858.99	 
  0.0928	  0.21183	  6600.45	  6600.45	  16.4367	  6600.45	  6600.45	 
   0.093	 0.198432	  6351.59	  6351.59	  15.5652	  6351.59	  6351.59	 
  0.0932	  0.18588	  6112.03	  6112.03	  14.7397	  6112.03	  6112.03	 
  0.0934	 0.174119	  5881.44	  5881.44	  13.9578	  5881.44	  5881.44	 
  0.0936	 0.163101	  5659.48	  5659.48	  13.2173	  5659.48	  5659.48	 
  0.0938	 0.152778	  5445.84	  5445.84	  12.5159	  5445.84	  5445.84	 
   0.094	 0.143107	  5240.19	  5240.19	  11.8515	  5240.19	  5240.19	 
  0.0942	 0.134046	  5042.26	  5042.26	  11.2224	  5042.26	  5042.26	 
  0.0944	 0.125558	  4851.74	  4851.74	  10.6264	  4851.74	  4851.74	 
  0.0946	 0.117606	  4668.37	  4668.37	   10.062	  4668.37	  4668.37	 
  0.0948	 0.110156	  4491.88	  4491.88	  9.52752	  4491.88	  4491.88	 
   0.095	 0.103177	  4322.01	  4322.01	  9.02129	  4322.01	  4322.01	 
  0.0952	 0.0966389	  4158.51	  4158.51	  8.54186	  4158.51	  4158.51	 
  0.0954	 0.0905142	  4001.16	  4001.16	  8.08782	  4001.16	  4001.16	 
  0.0956	 0.0847767	  3849.72	  3849.72	  7.65782	  3849.72	  3849.72	 
  0.0958	 0.0794021	  3703.96	  3703.96	  7.25061	  3703.96	  3703.96	 
   0.096	 0.0743673	  3563.69	  3563.69	  6.86497	  3563.69	  3563.69	 
  0.0962	 0.0696511	  3428.69	  3428.69	  6.49977	  3428.69	  3428.69	 
  0.0964	 0.0652332	  3298.76	  3298.76	  6.15393	  3298.76	  3298.76	 
  0.0966	 0.0610949	  3173.72	  3173.72	  5.82642	  3173.72	  3173.72	 
  0.0968	 0.0572184	  3053.39	  3053.39	  5.51629	  3053.39	  3053.39	 
   0.097	 0.0535874	  2937.59	  2937.59	   5.2226	  2937.59	  2937.59	 
  0.0972	 0.0501862	  2826.15	  2826.15	   4.9445	  2826.15	  2826.15	 
  0.0974	 0.0470004	  2718.91	  2718.91	  4.68115	  2718.91	  2718.91	 
  0.0976	 0.0440164	  2615.71	  2615.71	  4.43179	  2615.71	  2615.71	 
  0.0978	 0.0412214	   2516.4	   2516.4	  4.19566	   2516.4	   2516.4	 
   0.098	 0.0386034	  2420.83	  2420.83	  3.97207	  2420.83	  2420.83	 
  0.0982	 0.0361514	  2328.87	  2328.87	  3.76035	  2328.87	  2328.87	 
  0.0984	 0.0338547	  2240.38	  2240.38	  3.55988	  2240.38	  2240.38	 
  0.0986	 0.0317036	  2155.22	  2155.22	  3.37006	  2155.22	  2155.22	 
  0.0988	 0.0296889	  2073.28	  2073.28	  3.19033	  2073.28	  2073.28	 
   0.099	 0.0278019	  1994.44	  1994.44	  3.02016	  1994.44	  1994.44	 
  0.0992	 0.0260346	  1918.57	  1918.57	  2.85903	  1918.57	  1918.57	 
  0.0994	 0.0243793	  1845.57	  1845.57	  2.70647	  1845.57	  1845.57	 
  0.0996	 0.0228291	  1775.33	  1775.33	  2.56202	  1775.33	  1775.33	 
  0.0998	 0.0213772	  1707.75	  1707.75	  2.42526	  1707.75	  1707.75	 
     0.1	 0.0200175	  1642.72	  1642.72	  2.29577	  1642.72	  1642.72	 
