# # pES cross section (10^-38 cm^2/GeV) #   From Beacom & Farr & Vogel hep-ph/0205220 #
# log(energy in GeV)  nu_e      nu_mu      nu_tau      nu_e_bar      nu_mu_bar    nu_tau_bar #

-3.301030  1.019448e-03  1.019448e-03  1.019448e-03  1.019357e-03  1.019357e-03  1.019357e-03
-3.298729  1.024854e-03  1.024854e-03  1.024854e-03  1.024762e-03  1.024762e-03  1.024762e-03
-3.296428  1.030289e-03  1.030289e-03  1.030289e-03  1.030196e-03  1.030196e-03  1.030196e-03
-3.294127  1.035753e-03  1.035753e-03  1.035753e-03  1.035659e-03  1.035659e-03  1.035659e-03
-3.291826  1.041245e-03  1.041245e-03  1.041245e-03  1.041150e-03  1.041150e-03  1.041150e-03
-3.289525  1.046767e-03  1.046767e-03  1.046767e-03  1.046671e-03  1.046671e-03  1.046671e-03
-3.287224  1.052318e-03  1.052318e-03  1.052318e-03  1.052221e-03  1.052221e-03  1.052221e-03
-3.284923  1.057898e-03  1.057898e-03  1.057898e-03  1.057800e-03  1.057800e-03  1.057800e-03
-3.282622  1.063508e-03  1.063508e-03  1.063508e-03  1.063409e-03  1.063409e-03  1.063409e-03
-3.280321  1.069147e-03  1.069147e-03  1.069147e-03  1.069047e-03  1.069047e-03  1.069047e-03
-3.278020  1.074817e-03  1.074817e-03  1.074817e-03  1.074715e-03  1.074715e-03  1.074715e-03
-3.275719  1.080516e-03  1.080516e-03  1.080516e-03  1.080414e-03  1.080414e-03  1.080414e-03
-3.273418  1.086246e-03  1.086246e-03  1.086246e-03  1.086142e-03  1.086142e-03  1.086142e-03
-3.271117  1.092005e-03  1.092005e-03  1.092005e-03  1.091901e-03  1.091901e-03  1.091901e-03
-3.268816  1.097796e-03  1.097796e-03  1.097796e-03  1.097690e-03  1.097690e-03  1.097690e-03
-3.266515  1.103617e-03  1.103617e-03  1.103617e-03  1.103510e-03  1.103510e-03  1.103510e-03
-3.264214  1.109469e-03  1.109469e-03  1.109469e-03  1.109361e-03  1.109361e-03  1.109361e-03
-3.261912  1.115351e-03  1.115351e-03  1.115351e-03  1.115242e-03  1.115242e-03  1.115242e-03
-3.259611  1.121265e-03  1.121265e-03  1.121265e-03  1.121155e-03  1.121155e-03  1.121155e-03
-3.257310  1.127210e-03  1.127210e-03  1.127210e-03  1.127099e-03  1.127099e-03  1.127099e-03
-3.255009  1.133187e-03  1.133187e-03  1.133187e-03  1.133075e-03  1.133075e-03  1.133075e-03
-3.252708  1.139195e-03  1.139195e-03  1.139195e-03  1.139082e-03  1.139082e-03  1.139082e-03
-3.250407  1.145235e-03  1.145235e-03  1.145235e-03  1.145121e-03  1.145121e-03  1.145121e-03
-3.248106  1.151308e-03  1.151308e-03  1.151308e-03  1.151191e-03  1.151191e-03  1.151191e-03
-3.245805  1.157412e-03  1.157412e-03  1.157412e-03  1.157294e-03  1.157294e-03  1.157294e-03
-3.243504  1.163548e-03  1.163548e-03  1.163548e-03  1.163430e-03  1.163430e-03  1.163430e-03
-3.241203  1.169717e-03  1.169717e-03  1.169717e-03  1.169597e-03  1.169597e-03  1.169597e-03
-3.238902  1.175919e-03  1.175919e-03  1.175919e-03  1.175798e-03  1.175798e-03  1.175798e-03
-3.236601  1.182153e-03  1.182153e-03  1.182153e-03  1.182031e-03  1.182031e-03  1.182031e-03
-3.234300  1.188421e-03  1.188421e-03  1.188421e-03  1.188297e-03  1.188297e-03  1.188297e-03
-3.231999  1.194721e-03  1.194721e-03  1.194721e-03  1.194596e-03  1.194596e-03  1.194596e-03
-3.229698  1.201055e-03  1.201055e-03  1.201055e-03  1.200929e-03  1.200929e-03  1.200929e-03
-3.227397  1.207422e-03  1.207422e-03  1.207422e-03  1.207295e-03  1.207295e-03  1.207295e-03
-3.225096  1.213823e-03  1.213823e-03  1.213823e-03  1.213694e-03  1.213694e-03  1.213694e-03
-3.222795  1.220258e-03  1.220258e-03  1.220258e-03  1.220128e-03  1.220128e-03  1.220128e-03
-3.220494  1.226727e-03  1.226727e-03  1.226727e-03  1.226596e-03  1.226596e-03  1.226596e-03
-3.218193  1.233231e-03  1.233231e-03  1.233231e-03  1.233097e-03  1.233097e-03  1.233097e-03
-3.215892  1.239768e-03  1.239768e-03  1.239768e-03  1.239634e-03  1.239634e-03  1.239634e-03
-3.213591  1.246340e-03  1.246340e-03  1.246340e-03  1.246204e-03  1.246204e-03  1.246204e-03
-3.211290  1.252947e-03  1.252947e-03  1.252947e-03  1.252810e-03  1.252810e-03  1.252810e-03
-3.208989  1.259589e-03  1.259589e-03  1.259589e-03  1.259450e-03  1.259450e-03  1.259450e-03
-3.206688  1.266266e-03  1.266266e-03  1.266266e-03  1.266126e-03  1.266126e-03  1.266126e-03
-3.204387  1.272979e-03  1.272979e-03  1.272979e-03  1.272837e-03  1.272837e-03  1.272837e-03
-3.202086  1.279727e-03  1.279727e-03  1.279727e-03  1.279583e-03  1.279583e-03  1.279583e-03
-3.199785  1.286510e-03  1.286510e-03  1.286510e-03  1.286365e-03  1.286365e-03  1.286365e-03
-3.197484  1.293330e-03  1.293330e-03  1.293330e-03  1.293183e-03  1.293183e-03  1.293183e-03
-3.195183  1.300185e-03  1.300185e-03  1.300185e-03  1.300037e-03  1.300037e-03  1.300037e-03
-3.192882  1.307077e-03  1.307077e-03  1.307077e-03  1.306927e-03  1.306927e-03  1.306927e-03
-3.190581  1.314005e-03  1.314005e-03  1.314005e-03  1.313854e-03  1.313854e-03  1.313854e-03
-3.188280  1.320970e-03  1.320970e-03  1.320970e-03  1.320817e-03  1.320817e-03  1.320817e-03
-3.185978  1.327972e-03  1.327972e-03  1.327972e-03  1.327817e-03  1.327817e-03  1.327817e-03
-3.183677  1.335010e-03  1.335010e-03  1.335010e-03  1.334854e-03  1.334854e-03  1.334854e-03
-3.181376  1.342086e-03  1.342086e-03  1.342086e-03  1.341928e-03  1.341928e-03  1.341928e-03
-3.179075  1.349200e-03  1.349200e-03  1.349200e-03  1.349040e-03  1.349040e-03  1.349040e-03
-3.176774  1.356351e-03  1.356351e-03  1.356351e-03  1.356189e-03  1.356189e-03  1.356189e-03
-3.174473  1.363539e-03  1.363539e-03  1.363539e-03  1.363376e-03  1.363376e-03  1.363376e-03
-3.172172  1.370766e-03  1.370766e-03  1.370766e-03  1.370602e-03  1.370602e-03  1.370602e-03
-3.169871  1.378031e-03  1.378031e-03  1.378031e-03  1.377865e-03  1.377865e-03  1.377865e-03
-3.167570  1.385335e-03  1.385335e-03  1.385335e-03  1.385166e-03  1.385166e-03  1.385166e-03
-3.165269  1.392677e-03  1.392677e-03  1.392677e-03  1.392507e-03  1.392507e-03  1.392507e-03
-3.162968  1.400058e-03  1.400058e-03  1.400058e-03  1.399886e-03  1.399886e-03  1.399886e-03
-3.160667  1.407477e-03  1.407477e-03  1.407477e-03  1.407304e-03  1.407304e-03  1.407304e-03
-3.158366  1.414937e-03  1.414937e-03  1.414937e-03  1.414761e-03  1.414761e-03  1.414761e-03
-3.156065  1.422435e-03  1.422435e-03  1.422435e-03  1.422258e-03  1.422258e-03  1.422258e-03
-3.153764  1.429973e-03  1.429973e-03  1.429973e-03  1.429794e-03  1.429794e-03  1.429794e-03
-3.151463  1.437551e-03  1.437551e-03  1.437551e-03  1.437370e-03  1.437370e-03  1.437370e-03
-3.149162  1.445169e-03  1.445169e-03  1.445169e-03  1.444986e-03  1.444986e-03  1.444986e-03
-3.146861  1.452828e-03  1.452828e-03  1.452828e-03  1.452643e-03  1.452643e-03  1.452643e-03
-3.144560  1.460527e-03  1.460527e-03  1.460527e-03  1.460340e-03  1.460340e-03  1.460340e-03
-3.142259  1.468266e-03  1.468266e-03  1.468266e-03  1.468077e-03  1.468077e-03  1.468077e-03
-3.139958  1.476047e-03  1.476047e-03  1.476047e-03  1.475856e-03  1.475856e-03  1.475856e-03
-3.137657  1.483868e-03  1.483868e-03  1.483868e-03  1.483675e-03  1.483675e-03  1.483675e-03
-3.135356  1.491731e-03  1.491731e-03  1.491731e-03  1.491536e-03  1.491536e-03  1.491536e-03
-3.133055  1.499636e-03  1.499636e-03  1.499636e-03  1.499439e-03  1.499439e-03  1.499439e-03
-3.130754  1.507582e-03  1.507582e-03  1.507582e-03  1.507383e-03  1.507383e-03  1.507383e-03
-3.128453  1.515570e-03  1.515570e-03  1.515570e-03  1.515369e-03  1.515369e-03  1.515369e-03
-3.126152  1.523601e-03  1.523601e-03  1.523601e-03  1.523397e-03  1.523397e-03  1.523397e-03
-3.123851  1.531674e-03  1.531674e-03  1.531674e-03  1.531468e-03  1.531468e-03  1.531468e-03
-3.121550  1.539789e-03  1.539789e-03  1.539789e-03  1.539581e-03  1.539581e-03  1.539581e-03
-3.119249  1.547948e-03  1.547948e-03  1.547948e-03  1.547738e-03  1.547738e-03  1.547738e-03
-3.116948  1.556149e-03  1.556149e-03  1.556149e-03  1.555937e-03  1.555937e-03  1.555937e-03
-3.114647  1.564394e-03  1.564394e-03  1.564394e-03  1.564180e-03  1.564180e-03  1.564180e-03
-3.112346  1.572683e-03  1.572683e-03  1.572683e-03  1.572466e-03  1.572466e-03  1.572466e-03
-3.110045  1.581015e-03  1.581015e-03  1.581015e-03  1.580796e-03  1.580796e-03  1.580796e-03
-3.107743  1.589391e-03  1.589391e-03  1.589391e-03  1.589170e-03  1.589170e-03  1.589170e-03
-3.105442  1.597812e-03  1.597812e-03  1.597812e-03  1.597588e-03  1.597588e-03  1.597588e-03
-3.103141  1.606277e-03  1.606277e-03  1.606277e-03  1.606051e-03  1.606051e-03  1.606051e-03
-3.100840  1.614787e-03  1.614787e-03  1.614787e-03  1.614558e-03  1.614558e-03  1.614558e-03
-3.098539  1.623341e-03  1.623341e-03  1.623341e-03  1.623110e-03  1.623110e-03  1.623110e-03
-3.096238  1.631941e-03  1.631941e-03  1.631941e-03  1.631708e-03  1.631708e-03  1.631708e-03
-3.093937  1.640587e-03  1.640587e-03  1.640587e-03  1.640351e-03  1.640351e-03  1.640351e-03
-3.091636  1.649278e-03  1.649278e-03  1.649278e-03  1.649039e-03  1.649039e-03  1.649039e-03
-3.089335  1.658015e-03  1.658015e-03  1.658015e-03  1.657774e-03  1.657774e-03  1.657774e-03
-3.087034  1.666798e-03  1.666798e-03  1.666798e-03  1.666554e-03  1.666554e-03  1.666554e-03
-3.084733  1.675627e-03  1.675627e-03  1.675627e-03  1.675381e-03  1.675381e-03  1.675381e-03
-3.082432  1.684503e-03  1.684503e-03  1.684503e-03  1.684255e-03  1.684255e-03  1.684255e-03
-3.080131  1.693427e-03  1.693427e-03  1.693427e-03  1.693175e-03  1.693175e-03  1.693175e-03
-3.077830  1.702397e-03  1.702397e-03  1.702397e-03  1.702143e-03  1.702143e-03  1.702143e-03
-3.075529  1.711414e-03  1.711414e-03  1.711414e-03  1.711157e-03  1.711157e-03  1.711157e-03
-3.073228  1.720479e-03  1.720479e-03  1.720479e-03  1.720220e-03  1.720220e-03  1.720220e-03
-3.070927  1.729592e-03  1.729592e-03  1.729592e-03  1.729330e-03  1.729330e-03  1.729330e-03
-3.068626  1.738754e-03  1.738754e-03  1.738754e-03  1.738488e-03  1.738488e-03  1.738488e-03
-3.066325  1.747963e-03  1.747963e-03  1.747963e-03  1.747695e-03  1.747695e-03  1.747695e-03
-3.064024  1.757221e-03  1.757221e-03  1.757221e-03  1.756950e-03  1.756950e-03  1.756950e-03
-3.061723  1.766528e-03  1.766528e-03  1.766528e-03  1.766255e-03  1.766255e-03  1.766255e-03
-3.059422  1.775885e-03  1.775885e-03  1.775885e-03  1.775608e-03  1.775608e-03  1.775608e-03
-3.057121  1.785290e-03  1.785290e-03  1.785290e-03  1.785011e-03  1.785011e-03  1.785011e-03
-3.054820  1.794745e-03  1.794745e-03  1.794745e-03  1.794463e-03  1.794463e-03  1.794463e-03
-3.052519  1.804251e-03  1.804251e-03  1.804251e-03  1.803965e-03  1.803965e-03  1.803965e-03
-3.050218  1.813806e-03  1.813806e-03  1.813806e-03  1.813517e-03  1.813517e-03  1.813517e-03
-3.047917  1.823412e-03  1.823412e-03  1.823412e-03  1.823120e-03  1.823120e-03  1.823120e-03
-3.045616  1.833068e-03  1.833068e-03  1.833068e-03  1.832774e-03  1.832774e-03  1.832774e-03
-3.043315  1.842776e-03  1.842776e-03  1.842776e-03  1.842478e-03  1.842478e-03  1.842478e-03
-3.041014  1.852535e-03  1.852535e-03  1.852535e-03  1.852234e-03  1.852234e-03  1.852234e-03
-3.038713  1.862345e-03  1.862345e-03  1.862345e-03  1.862041e-03  1.862041e-03  1.862041e-03
-3.036412  1.872207e-03  1.872207e-03  1.872207e-03  1.871900e-03  1.871900e-03  1.871900e-03
-3.034111  1.882121e-03  1.882121e-03  1.882121e-03  1.881810e-03  1.881810e-03  1.881810e-03
-3.031809  1.892088e-03  1.892088e-03  1.892088e-03  1.891774e-03  1.891774e-03  1.891774e-03
-3.029508  1.902107e-03  1.902107e-03  1.902107e-03  1.901789e-03  1.901789e-03  1.901789e-03
-3.027207  1.912179e-03  1.912179e-03  1.912179e-03  1.911858e-03  1.911858e-03  1.911858e-03
-3.024906  1.922304e-03  1.922304e-03  1.922304e-03  1.921980e-03  1.921980e-03  1.921980e-03
-3.022605  1.932482e-03  1.932482e-03  1.932482e-03  1.932155e-03  1.932155e-03  1.932155e-03
-3.020304  1.942714e-03  1.942714e-03  1.942714e-03  1.942383e-03  1.942383e-03  1.942383e-03
-3.018003  1.953001e-03  1.953001e-03  1.953001e-03  1.952666e-03  1.952666e-03  1.952666e-03
-3.015702  1.963341e-03  1.963341e-03  1.963341e-03  1.963003e-03  1.963003e-03  1.963003e-03
-3.013401  1.973736e-03  1.973736e-03  1.973736e-03  1.973395e-03  1.973395e-03  1.973395e-03
-3.011100  1.984186e-03  1.984186e-03  1.984186e-03  1.983841e-03  1.983841e-03  1.983841e-03
-3.008799  1.994691e-03  1.994691e-03  1.994691e-03  1.994342e-03  1.994342e-03  1.994342e-03
-3.006498  2.005252e-03  2.005252e-03  2.005252e-03  2.004899e-03  2.004899e-03  2.004899e-03
-3.004197  2.015868e-03  2.015868e-03  2.015868e-03  2.015512e-03  2.015512e-03  2.015512e-03
-3.001896  2.026540e-03  2.026540e-03  2.026540e-03  2.026180e-03  2.026180e-03  2.026180e-03
-2.999595  2.037269e-03  2.037269e-03  2.037269e-03  2.036905e-03  2.036905e-03  2.036905e-03
-2.997294  2.048054e-03  2.048054e-03  2.048054e-03  2.047686e-03  2.047686e-03  2.047686e-03
-2.994993  2.058896e-03  2.058896e-03  2.058896e-03  2.058524e-03  2.058524e-03  2.058524e-03
-2.992692  2.069795e-03  2.069795e-03  2.069795e-03  2.069420e-03  2.069420e-03  2.069420e-03
-2.990391  2.080752e-03  2.080752e-03  2.080752e-03  2.080372e-03  2.080372e-03  2.080372e-03
-2.988090  2.091767e-03  2.091767e-03  2.091767e-03  2.091383e-03  2.091383e-03  2.091383e-03
-2.985789  2.102839e-03  2.102839e-03  2.102839e-03  2.102451e-03  2.102451e-03  2.102451e-03
-2.983488  2.113970e-03  2.113970e-03  2.113970e-03  2.113578e-03  2.113578e-03  2.113578e-03
-2.981187  2.125160e-03  2.125160e-03  2.125160e-03  2.124764e-03  2.124764e-03  2.124764e-03
-2.978886  2.136409e-03  2.136409e-03  2.136409e-03  2.136008e-03  2.136008e-03  2.136008e-03
-2.976585  2.147717e-03  2.147717e-03  2.147717e-03  2.147312e-03  2.147312e-03  2.147312e-03
-2.974284  2.159084e-03  2.159084e-03  2.159084e-03  2.158676e-03  2.158676e-03  2.158676e-03
-2.971983  2.170512e-03  2.170512e-03  2.170512e-03  2.170099e-03  2.170099e-03  2.170099e-03
-2.969682  2.182000e-03  2.182000e-03  2.182000e-03  2.181582e-03  2.181582e-03  2.181582e-03
-2.967381  2.193549e-03  2.193549e-03  2.193549e-03  2.193126e-03  2.193126e-03  2.193126e-03
-2.965080  2.205158e-03  2.205158e-03  2.205158e-03  2.204731e-03  2.204731e-03  2.204731e-03
-2.962779  2.216828e-03  2.216828e-03  2.216828e-03  2.216397e-03  2.216397e-03  2.216397e-03
-2.960478  2.228561e-03  2.228561e-03  2.228561e-03  2.228125e-03  2.228125e-03  2.228125e-03
-2.958177  2.240355e-03  2.240355e-03  2.240355e-03  2.239914e-03  2.239914e-03  2.239914e-03
-2.955875  2.252211e-03  2.252211e-03  2.252211e-03  2.251766e-03  2.251766e-03  2.251766e-03
-2.953574  2.264129e-03  2.264129e-03  2.264129e-03  2.263680e-03  2.263680e-03  2.263680e-03
-2.951273  2.276111e-03  2.276111e-03  2.276111e-03  2.275656e-03  2.275656e-03  2.275656e-03
-2.948972  2.288155e-03  2.288155e-03  2.288155e-03  2.287696e-03  2.287696e-03  2.287696e-03
-2.946671  2.300264e-03  2.300264e-03  2.300264e-03  2.299799e-03  2.299799e-03  2.299799e-03
-2.944370  2.312436e-03  2.312436e-03  2.312436e-03  2.311966e-03  2.311966e-03  2.311966e-03
-2.942069  2.324672e-03  2.324672e-03  2.324672e-03  2.324197e-03  2.324197e-03  2.324197e-03
-2.939768  2.336972e-03  2.336972e-03  2.336972e-03  2.336493e-03  2.336493e-03  2.336493e-03
-2.937467  2.349338e-03  2.349338e-03  2.349338e-03  2.348853e-03  2.348853e-03  2.348853e-03
-2.935166  2.361768e-03  2.361768e-03  2.361768e-03  2.361279e-03  2.361279e-03  2.361279e-03
-2.932865  2.374264e-03  2.374264e-03  2.374264e-03  2.373770e-03  2.373770e-03  2.373770e-03
-2.930564  2.386826e-03  2.386826e-03  2.386826e-03  2.386326e-03  2.386326e-03  2.386326e-03
-2.928263  2.399454e-03  2.399454e-03  2.399454e-03  2.398949e-03  2.398949e-03  2.398949e-03
-2.925962  2.412149e-03  2.412149e-03  2.412149e-03  2.411638e-03  2.411638e-03  2.411638e-03
-2.923661  2.424910e-03  2.424910e-03  2.424910e-03  2.424395e-03  2.424395e-03  2.424395e-03
-2.921360  2.437739e-03  2.437739e-03  2.437739e-03  2.437218e-03  2.437218e-03  2.437218e-03
-2.919059  2.450636e-03  2.450636e-03  2.450636e-03  2.450109e-03  2.450109e-03  2.450109e-03
-2.916758  2.463600e-03  2.463600e-03  2.463600e-03  2.463067e-03  2.463067e-03  2.463067e-03
-2.914457  2.476633e-03  2.476633e-03  2.476633e-03  2.476094e-03  2.476094e-03  2.476094e-03
-2.912156  2.489734e-03  2.489734e-03  2.489734e-03  2.489190e-03  2.489190e-03  2.489190e-03
-2.909855  2.502904e-03  2.502904e-03  2.502904e-03  2.502354e-03  2.502354e-03  2.502354e-03
-2.907554  2.516144e-03  2.516144e-03  2.516144e-03  2.515588e-03  2.515588e-03  2.515588e-03
-2.905253  2.529453e-03  2.529453e-03  2.529453e-03  2.528892e-03  2.528892e-03  2.528892e-03
-2.902952  2.542832e-03  2.542832e-03  2.542832e-03  2.542265e-03  2.542265e-03  2.542265e-03
-2.900651  2.556282e-03  2.556282e-03  2.556282e-03  2.555709e-03  2.555709e-03  2.555709e-03
-2.898350  2.569803e-03  2.569803e-03  2.569803e-03  2.569224e-03  2.569224e-03  2.569224e-03
-2.896049  2.583395e-03  2.583395e-03  2.583395e-03  2.582809e-03  2.582809e-03  2.582809e-03
-2.893748  2.597059e-03  2.597059e-03  2.597059e-03  2.596467e-03  2.596467e-03  2.596467e-03
-2.891447  2.610794e-03  2.610794e-03  2.610794e-03  2.610196e-03  2.610196e-03  2.610196e-03
-2.889146  2.624602e-03  2.624602e-03  2.624602e-03  2.623997e-03  2.623997e-03  2.623997e-03
-2.886845  2.638482e-03  2.638482e-03  2.638482e-03  2.637871e-03  2.637871e-03  2.637871e-03
-2.884544  2.652436e-03  2.652436e-03  2.652436e-03  2.651818e-03  2.651818e-03  2.651818e-03
-2.882243  2.666463e-03  2.666463e-03  2.666463e-03  2.665839e-03  2.665839e-03  2.665839e-03
-2.879942  2.680564e-03  2.680564e-03  2.680564e-03  2.679933e-03  2.679933e-03  2.679933e-03
-2.877640  2.694739e-03  2.694739e-03  2.694739e-03  2.694101e-03  2.694101e-03  2.694101e-03
-2.875339  2.708988e-03  2.708988e-03  2.708988e-03  2.708344e-03  2.708344e-03  2.708344e-03
-2.873038  2.723313e-03  2.723313e-03  2.723313e-03  2.722662e-03  2.722662e-03  2.722662e-03
-2.870737  2.737713e-03  2.737713e-03  2.737713e-03  2.737055e-03  2.737055e-03  2.737055e-03
-2.868436  2.752189e-03  2.752189e-03  2.752189e-03  2.751524e-03  2.751524e-03  2.751524e-03
-2.866135  2.766741e-03  2.766741e-03  2.766741e-03  2.766069e-03  2.766069e-03  2.766069e-03
-2.863834  2.781370e-03  2.781370e-03  2.781370e-03  2.780691e-03  2.780691e-03  2.780691e-03
-2.861533  2.796075e-03  2.796075e-03  2.796075e-03  2.795389e-03  2.795389e-03  2.795389e-03
-2.859232  2.810858e-03  2.810858e-03  2.810858e-03  2.810165e-03  2.810165e-03  2.810165e-03
-2.856931  2.825719e-03  2.825719e-03  2.825719e-03  2.825018e-03  2.825018e-03  2.825018e-03
-2.854630  2.840658e-03  2.840658e-03  2.840658e-03  2.839950e-03  2.839950e-03  2.839950e-03
-2.852329  2.855675e-03  2.855675e-03  2.855675e-03  2.854960e-03  2.854960e-03  2.854960e-03
-2.850028  2.870772e-03  2.870772e-03  2.870772e-03  2.870049e-03  2.870049e-03  2.870049e-03
-2.847727  2.885948e-03  2.885948e-03  2.885948e-03  2.885217e-03  2.885217e-03  2.885217e-03
-2.845426  2.901204e-03  2.901204e-03  2.901204e-03  2.900465e-03  2.900465e-03  2.900465e-03
-2.843125  2.916540e-03  2.916540e-03  2.916540e-03  2.915793e-03  2.915793e-03  2.915793e-03
-2.840824  2.931956e-03  2.931956e-03  2.931956e-03  2.931202e-03  2.931202e-03  2.931202e-03
-2.838523  2.947454e-03  2.947454e-03  2.947454e-03  2.946692e-03  2.946692e-03  2.946692e-03
-2.836222  2.963034e-03  2.963034e-03  2.963034e-03  2.962263e-03  2.962263e-03  2.962263e-03
-2.833921  2.978695e-03  2.978695e-03  2.978695e-03  2.977916e-03  2.977916e-03  2.977916e-03
-2.831620  2.994438e-03  2.994438e-03  2.994438e-03  2.993651e-03  2.993651e-03  2.993651e-03
-2.829319  3.010265e-03  3.010265e-03  3.010265e-03  3.009469e-03  3.009469e-03  3.009469e-03
-2.827018  3.026174e-03  3.026174e-03  3.026174e-03  3.025370e-03  3.025370e-03  3.025370e-03
-2.824717  3.042167e-03  3.042167e-03  3.042167e-03  3.041355e-03  3.041355e-03  3.041355e-03
-2.822416  3.058245e-03  3.058245e-03  3.058245e-03  3.057424e-03  3.057424e-03  3.057424e-03
-2.820115  3.074406e-03  3.074406e-03  3.074406e-03  3.073577e-03  3.073577e-03  3.073577e-03
-2.817814  3.090653e-03  3.090653e-03  3.090653e-03  3.089815e-03  3.089815e-03  3.089815e-03
-2.815513  3.106985e-03  3.106985e-03  3.106985e-03  3.106138e-03  3.106138e-03  3.106138e-03
-2.813212  3.123403e-03  3.123403e-03  3.123403e-03  3.122547e-03  3.122547e-03  3.122547e-03
-2.810911  3.139908e-03  3.139908e-03  3.139908e-03  3.139042e-03  3.139042e-03  3.139042e-03
-2.808610  3.156499e-03  3.156499e-03  3.156499e-03  3.155624e-03  3.155624e-03  3.155624e-03
-2.806309  3.173177e-03  3.173177e-03  3.173177e-03  3.172293e-03  3.172293e-03  3.172293e-03
-2.804008  3.189943e-03  3.189943e-03  3.189943e-03  3.189049e-03  3.189049e-03  3.189049e-03
-2.801706  3.206797e-03  3.206797e-03  3.206797e-03  3.205894e-03  3.205894e-03  3.205894e-03
-2.799405  3.223739e-03  3.223739e-03  3.223739e-03  3.222827e-03  3.222827e-03  3.222827e-03
-2.797104  3.240771e-03  3.240771e-03  3.240771e-03  3.239849e-03  3.239849e-03  3.239849e-03
-2.794803  3.257892e-03  3.257892e-03  3.257892e-03  3.256960e-03  3.256960e-03  3.256960e-03
-2.792502  3.275103e-03  3.275103e-03  3.275103e-03  3.274161e-03  3.274161e-03  3.274161e-03
-2.790201  3.292404e-03  3.292404e-03  3.292404e-03  3.291452e-03  3.291452e-03  3.291452e-03
-2.787900  3.309797e-03  3.309797e-03  3.309797e-03  3.308835e-03  3.308835e-03  3.308835e-03
-2.785599  3.327280e-03  3.327280e-03  3.327280e-03  3.326308e-03  3.326308e-03  3.326308e-03
-2.783298  3.344856e-03  3.344856e-03  3.344856e-03  3.343873e-03  3.343873e-03  3.343873e-03
-2.780997  3.362523e-03  3.362523e-03  3.362523e-03  3.361530e-03  3.361530e-03  3.361530e-03
-2.778696  3.380284e-03  3.380284e-03  3.380284e-03  3.379280e-03  3.379280e-03  3.379280e-03
-2.776395  3.398138e-03  3.398138e-03  3.398138e-03  3.397124e-03  3.397124e-03  3.397124e-03
-2.774094  3.416085e-03  3.416085e-03  3.416085e-03  3.415060e-03  3.415060e-03  3.415060e-03
-2.771793  3.434127e-03  3.434127e-03  3.434127e-03  3.433091e-03  3.433091e-03  3.433091e-03
-2.769492  3.452264e-03  3.452264e-03  3.452264e-03  3.451217e-03  3.451217e-03  3.451217e-03
-2.767191  3.470495e-03  3.470495e-03  3.470495e-03  3.469437e-03  3.469437e-03  3.469437e-03
-2.764890  3.488823e-03  3.488823e-03  3.488823e-03  3.487754e-03  3.487754e-03  3.487754e-03
-2.762589  3.507246e-03  3.507246e-03  3.507246e-03  3.506166e-03  3.506166e-03  3.506166e-03
-2.760288  3.525767e-03  3.525767e-03  3.525767e-03  3.524675e-03  3.524675e-03  3.524675e-03
-2.757987  3.544384e-03  3.544384e-03  3.544384e-03  3.543281e-03  3.543281e-03  3.543281e-03
-2.755686  3.563100e-03  3.563100e-03  3.563100e-03  3.561984e-03  3.561984e-03  3.561984e-03
-2.753385  3.581913e-03  3.581913e-03  3.581913e-03  3.580786e-03  3.580786e-03  3.580786e-03
-2.751084  3.600825e-03  3.600825e-03  3.600825e-03  3.599686e-03  3.599686e-03  3.599686e-03
-2.748783  3.619837e-03  3.619837e-03  3.619837e-03  3.618686e-03  3.618686e-03  3.618686e-03
-2.746482  3.638948e-03  3.638948e-03  3.638948e-03  3.637785e-03  3.637785e-03  3.637785e-03
-2.744181  3.658159e-03  3.658159e-03  3.658159e-03  3.656984e-03  3.656984e-03  3.656984e-03
-2.741880  3.677472e-03  3.677472e-03  3.677472e-03  3.676283e-03  3.676283e-03  3.676283e-03
-2.739579  3.696885e-03  3.696885e-03  3.696885e-03  3.695684e-03  3.695684e-03  3.695684e-03
-2.737278  3.716400e-03  3.716400e-03  3.716400e-03  3.715187e-03  3.715187e-03  3.715187e-03
-2.734977  3.736018e-03  3.736018e-03  3.736018e-03  3.734792e-03  3.734792e-03  3.734792e-03
-2.732676  3.755739e-03  3.755739e-03  3.755739e-03  3.754500e-03  3.754500e-03  3.754500e-03
-2.730375  3.775563e-03  3.775563e-03  3.775563e-03  3.774311e-03  3.774311e-03  3.774311e-03
-2.728074  3.795491e-03  3.795491e-03  3.795491e-03  3.794225e-03  3.794225e-03  3.794225e-03
-2.725772  3.815523e-03  3.815523e-03  3.815523e-03  3.814244e-03  3.814244e-03  3.814244e-03
-2.723471  3.835661e-03  3.835661e-03  3.835661e-03  3.834368e-03  3.834368e-03  3.834368e-03
-2.721170  3.855904e-03  3.855904e-03  3.855904e-03  3.854598e-03  3.854598e-03  3.854598e-03
-2.718869  3.876253e-03  3.876253e-03  3.876253e-03  3.874933e-03  3.874933e-03  3.874933e-03
-2.716568  3.896709e-03  3.896709e-03  3.896709e-03  3.895375e-03  3.895375e-03  3.895375e-03
-2.714267  3.917273e-03  3.917273e-03  3.917273e-03  3.915924e-03  3.915924e-03  3.915924e-03
-2.711966  3.937943e-03  3.937943e-03  3.937943e-03  3.936581e-03  3.936581e-03  3.936581e-03
-2.709665  3.958723e-03  3.958723e-03  3.958723e-03  3.957346e-03  3.957346e-03  3.957346e-03
-2.707364  3.979611e-03  3.979611e-03  3.979611e-03  3.978219e-03  3.978219e-03  3.978219e-03
-2.705063  4.000609e-03  4.000609e-03  4.000609e-03  3.999202e-03  3.999202e-03  3.999202e-03
-2.702762  4.021716e-03  4.021716e-03  4.021716e-03  4.020295e-03  4.020295e-03  4.020295e-03
-2.700461  4.042935e-03  4.042935e-03  4.042935e-03  4.041498e-03  4.041498e-03  4.041498e-03
-2.698160  4.064264e-03  4.064264e-03  4.064264e-03  4.062812e-03  4.062812e-03  4.062812e-03
-2.695859  4.085705e-03  4.085705e-03  4.085705e-03  4.084238e-03  4.084238e-03  4.084238e-03
-2.693558  4.107259e-03  4.107259e-03  4.107259e-03  4.105776e-03  4.105776e-03  4.105776e-03
-2.691257  4.128925e-03  4.128925e-03  4.128925e-03  4.127427e-03  4.127427e-03  4.127427e-03
-2.688956  4.150705e-03  4.150705e-03  4.150705e-03  4.149191e-03  4.149191e-03  4.149191e-03
-2.686655  4.172599e-03  4.172599e-03  4.172599e-03  4.171069e-03  4.171069e-03  4.171069e-03
-2.684354  4.194607e-03  4.194607e-03  4.194607e-03  4.193061e-03  4.193061e-03  4.193061e-03
-2.682053  4.216731e-03  4.216731e-03  4.216731e-03  4.215168e-03  4.215168e-03  4.215168e-03
-2.679752  4.238971e-03  4.238971e-03  4.238971e-03  4.237392e-03  4.237392e-03  4.237392e-03
-2.677451  4.261327e-03  4.261327e-03  4.261327e-03  4.259731e-03  4.259731e-03  4.259731e-03
-2.675150  4.283800e-03  4.283800e-03  4.283800e-03  4.282187e-03  4.282187e-03  4.282187e-03
-2.672849  4.306391e-03  4.306391e-03  4.306391e-03  4.304761e-03  4.304761e-03  4.304761e-03
-2.670548  4.329100e-03  4.329100e-03  4.329100e-03  4.327453e-03  4.327453e-03  4.327453e-03
-2.668247  4.351928e-03  4.351928e-03  4.351928e-03  4.350263e-03  4.350263e-03  4.350263e-03
-2.665946  4.374875e-03  4.374875e-03  4.374875e-03  4.373193e-03  4.373193e-03  4.373193e-03
-2.663645  4.397943e-03  4.397943e-03  4.397943e-03  4.396243e-03  4.396243e-03  4.396243e-03
-2.661344  4.421131e-03  4.421131e-03  4.421131e-03  4.419413e-03  4.419413e-03  4.419413e-03
-2.659043  4.444441e-03  4.444441e-03  4.444441e-03  4.442704e-03  4.442704e-03  4.442704e-03
-2.656742  4.467872e-03  4.467872e-03  4.467872e-03  4.466117e-03  4.466117e-03  4.466117e-03
-2.654441  4.491426e-03  4.491426e-03  4.491426e-03  4.489653e-03  4.489653e-03  4.489653e-03
-2.652140  4.515103e-03  4.515103e-03  4.515103e-03  4.513311e-03  4.513311e-03  4.513311e-03
-2.649839  4.538905e-03  4.538905e-03  4.538905e-03  4.537093e-03  4.537093e-03  4.537093e-03
-2.647537  4.562830e-03  4.562830e-03  4.562830e-03  4.561000e-03  4.561000e-03  4.561000e-03
-2.645236  4.586881e-03  4.586881e-03  4.586881e-03  4.585031e-03  4.585031e-03  4.585031e-03
-2.642935  4.611057e-03  4.611057e-03  4.611057e-03  4.609188e-03  4.609188e-03  4.609188e-03
-2.640634  4.635360e-03  4.635360e-03  4.635360e-03  4.633471e-03  4.633471e-03  4.633471e-03
-2.638333  4.659790e-03  4.659790e-03  4.659790e-03  4.657881e-03  4.657881e-03  4.657881e-03
-2.636032  4.684348e-03  4.684348e-03  4.684348e-03  4.682419e-03  4.682419e-03  4.682419e-03
-2.633731  4.709034e-03  4.709034e-03  4.709034e-03  4.707084e-03  4.707084e-03  4.707084e-03
-2.631430  4.733849e-03  4.733849e-03  4.733849e-03  4.731879e-03  4.731879e-03  4.731879e-03
-2.629129  4.758794e-03  4.758794e-03  4.758794e-03  4.756803e-03  4.756803e-03  4.756803e-03
-2.626828  4.783869e-03  4.783869e-03  4.783869e-03  4.781857e-03  4.781857e-03  4.781857e-03
-2.624527  4.809075e-03  4.809075e-03  4.809075e-03  4.807042e-03  4.807042e-03  4.807042e-03
-2.622226  4.834413e-03  4.834413e-03  4.834413e-03  4.832358e-03  4.832358e-03  4.832358e-03
-2.619925  4.859884e-03  4.859884e-03  4.859884e-03  4.857807e-03  4.857807e-03  4.857807e-03
-2.617624  4.885487e-03  4.885487e-03  4.885487e-03  4.883388e-03  4.883388e-03  4.883388e-03
-2.615323  4.911224e-03  4.911224e-03  4.911224e-03  4.909103e-03  4.909103e-03  4.909103e-03
-2.613022  4.937096e-03  4.937096e-03  4.937096e-03  4.934952e-03  4.934952e-03  4.934952e-03
-2.610721  4.963103e-03  4.963103e-03  4.963103e-03  4.960936e-03  4.960936e-03  4.960936e-03
-2.608420  4.989245e-03  4.989245e-03  4.989245e-03  4.987056e-03  4.987056e-03  4.987056e-03
-2.606119  5.015524e-03  5.015524e-03  5.015524e-03  5.013311e-03  5.013311e-03  5.013311e-03
-2.603818  5.041940e-03  5.041940e-03  5.041940e-03  5.039704e-03  5.039704e-03  5.039704e-03
-2.601517  5.068495e-03  5.068495e-03  5.068495e-03  5.066235e-03  5.066235e-03  5.066235e-03
-2.599216  5.095187e-03  5.095187e-03  5.095187e-03  5.092904e-03  5.092904e-03  5.092904e-03
-2.596915  5.122020e-03  5.122020e-03  5.122020e-03  5.119712e-03  5.119712e-03  5.119712e-03
-2.594614  5.148992e-03  5.148992e-03  5.148992e-03  5.146659e-03  5.146659e-03  5.146659e-03
-2.592313  5.176105e-03  5.176105e-03  5.176105e-03  5.173748e-03  5.173748e-03  5.173748e-03
-2.590012  5.203359e-03  5.203359e-03  5.203359e-03  5.200977e-03  5.200977e-03  5.200977e-03
-2.587711  5.230756e-03  5.230756e-03  5.230756e-03  5.228349e-03  5.228349e-03  5.228349e-03
-2.585410  5.258296e-03  5.258296e-03  5.258296e-03  5.255863e-03  5.255863e-03  5.255863e-03
-2.583109  5.285979e-03  5.285979e-03  5.285979e-03  5.283520e-03  5.283520e-03  5.283520e-03
-2.580808  5.313807e-03  5.313807e-03  5.313807e-03  5.311322e-03  5.311322e-03  5.311322e-03
-2.578507  5.341779e-03  5.341779e-03  5.341779e-03  5.339269e-03  5.339269e-03  5.339269e-03
-2.576206  5.369898e-03  5.369898e-03  5.369898e-03  5.367361e-03  5.367361e-03  5.367361e-03
-2.573905  5.398164e-03  5.398164e-03  5.398164e-03  5.395600e-03  5.395600e-03  5.395600e-03
-2.571603  5.426576e-03  5.426576e-03  5.426576e-03  5.423985e-03  5.423985e-03  5.423985e-03
-2.569302  5.455137e-03  5.455137e-03  5.455137e-03  5.452519e-03  5.452519e-03  5.452519e-03
-2.567001  5.483847e-03  5.483847e-03  5.483847e-03  5.481201e-03  5.481201e-03  5.481201e-03
-2.564700  5.512707e-03  5.512707e-03  5.512707e-03  5.510032e-03  5.510032e-03  5.510032e-03
-2.562399  5.541717e-03  5.541717e-03  5.541717e-03  5.539014e-03  5.539014e-03  5.539014e-03
-2.560098  5.570878e-03  5.570878e-03  5.570878e-03  5.568147e-03  5.568147e-03  5.568147e-03
-2.557797  5.600191e-03  5.600191e-03  5.600191e-03  5.597431e-03  5.597431e-03  5.597431e-03
-2.555496  5.629657e-03  5.629657e-03  5.629657e-03  5.626868e-03  5.626868e-03  5.626868e-03
-2.553195  5.659276e-03  5.659276e-03  5.659276e-03  5.656458e-03  5.656458e-03  5.656458e-03
-2.550894  5.689050e-03  5.689050e-03  5.689050e-03  5.686201e-03  5.686201e-03  5.686201e-03
-2.548593  5.718979e-03  5.718979e-03  5.718979e-03  5.716100e-03  5.716100e-03  5.716100e-03
-2.546292  5.749064e-03  5.749064e-03  5.749064e-03  5.746154e-03  5.746154e-03  5.746154e-03
-2.543991  5.779305e-03  5.779305e-03  5.779305e-03  5.776365e-03  5.776365e-03  5.776365e-03
-2.541690  5.809704e-03  5.809704e-03  5.809704e-03  5.806733e-03  5.806733e-03  5.806733e-03
-2.539389  5.840261e-03  5.840261e-03  5.840261e-03  5.837259e-03  5.837259e-03  5.837259e-03
-2.537088  5.870978e-03  5.870978e-03  5.870978e-03  5.867943e-03  5.867943e-03  5.867943e-03
-2.534787  5.901854e-03  5.901854e-03  5.901854e-03  5.898787e-03  5.898787e-03  5.898787e-03
-2.532486  5.932891e-03  5.932891e-03  5.932891e-03  5.929792e-03  5.929792e-03  5.929792e-03
-2.530185  5.964089e-03  5.964089e-03  5.964089e-03  5.960958e-03  5.960958e-03  5.960958e-03
-2.527884  5.995450e-03  5.995450e-03  5.995450e-03  5.992285e-03  5.992285e-03  5.992285e-03
-2.525583  6.026974e-03  6.026974e-03  6.026974e-03  6.023776e-03  6.023776e-03  6.023776e-03
-2.523282  6.058662e-03  6.058662e-03  6.058662e-03  6.055430e-03  6.055430e-03  6.055430e-03
-2.520981  6.090515e-03  6.090515e-03  6.090515e-03  6.087249e-03  6.087249e-03  6.087249e-03
-2.518680  6.122534e-03  6.122534e-03  6.122534e-03  6.119233e-03  6.119233e-03  6.119233e-03
-2.516379  6.154719e-03  6.154719e-03  6.154719e-03  6.151383e-03  6.151383e-03  6.151383e-03
-2.514078  6.187071e-03  6.187071e-03  6.187071e-03  6.183701e-03  6.183701e-03  6.183701e-03
-2.511777  6.219592e-03  6.219592e-03  6.219592e-03  6.216186e-03  6.216186e-03  6.216186e-03
-2.509476  6.252282e-03  6.252282e-03  6.252282e-03  6.248840e-03  6.248840e-03  6.248840e-03
-2.507175  6.285142e-03  6.285142e-03  6.285142e-03  6.281663e-03  6.281663e-03  6.281663e-03
-2.504874  6.318173e-03  6.318173e-03  6.318173e-03  6.314657e-03  6.314657e-03  6.314657e-03
-2.502573  6.351375e-03  6.351375e-03  6.351375e-03  6.347822e-03  6.347822e-03  6.347822e-03
-2.500272  6.384750e-03  6.384750e-03  6.384750e-03  6.381160e-03  6.381160e-03  6.381160e-03
-2.497971  6.418298e-03  6.418298e-03  6.418298e-03  6.414670e-03  6.414670e-03  6.414670e-03
-2.495669  6.452021e-03  6.452021e-03  6.452021e-03  6.448354e-03  6.448354e-03  6.448354e-03
-2.493368  6.485919e-03  6.485919e-03  6.485919e-03  6.482214e-03  6.482214e-03  6.482214e-03
-2.491067  6.519993e-03  6.519993e-03  6.519993e-03  6.516248e-03  6.516248e-03  6.516248e-03
-2.488766  6.554244e-03  6.554244e-03  6.554244e-03  6.550460e-03  6.550460e-03  6.550460e-03
-2.486465  6.588673e-03  6.588673e-03  6.588673e-03  6.584849e-03  6.584849e-03  6.584849e-03
-2.484164  6.623281e-03  6.623281e-03  6.623281e-03  6.619416e-03  6.619416e-03  6.619416e-03
-2.481863  6.658068e-03  6.658068e-03  6.658068e-03  6.654162e-03  6.654162e-03  6.654162e-03
-2.479562  6.693036e-03  6.693036e-03  6.693036e-03  6.689089e-03  6.689089e-03  6.689089e-03
-2.477261  6.728185e-03  6.728185e-03  6.728185e-03  6.724197e-03  6.724197e-03  6.724197e-03
-2.474960  6.763517e-03  6.763517e-03  6.763517e-03  6.759487e-03  6.759487e-03  6.759487e-03
-2.472659  6.799033e-03  6.799033e-03  6.799033e-03  6.794959e-03  6.794959e-03  6.794959e-03
-2.470358  6.834732e-03  6.834732e-03  6.834732e-03  6.830616e-03  6.830616e-03  6.830616e-03
-2.468057  6.870617e-03  6.870617e-03  6.870617e-03  6.866457e-03  6.866457e-03  6.866457e-03
-2.465756  6.906688e-03  6.906688e-03  6.906688e-03  6.902484e-03  6.902484e-03  6.902484e-03
-2.463455  6.942946e-03  6.942946e-03  6.942946e-03  6.938698e-03  6.938698e-03  6.938698e-03
-2.461154  6.979392e-03  6.979392e-03  6.979392e-03  6.975099e-03  6.975099e-03  6.975099e-03
-2.458853  7.016027e-03  7.016027e-03  7.016027e-03  7.011689e-03  7.011689e-03  7.011689e-03
-2.456552  7.052853e-03  7.052853e-03  7.052853e-03  7.048468e-03  7.048468e-03  7.048468e-03
-2.454251  7.089869e-03  7.089869e-03  7.089869e-03  7.085438e-03  7.085438e-03  7.085438e-03
-2.451950  7.127076e-03  7.127076e-03  7.127076e-03  7.122599e-03  7.122599e-03  7.122599e-03
-2.449649  7.164477e-03  7.164477e-03  7.164477e-03  7.159953e-03  7.159953e-03  7.159953e-03
-2.447348  7.202072e-03  7.202072e-03  7.202072e-03  7.197500e-03  7.197500e-03  7.197500e-03
-2.445047  7.239861e-03  7.239861e-03  7.239861e-03  7.235241e-03  7.235241e-03  7.235241e-03
-2.442746  7.277846e-03  7.277846e-03  7.277846e-03  7.273177e-03  7.273177e-03  7.273177e-03
-2.440445  7.316028e-03  7.316028e-03  7.316028e-03  7.311310e-03  7.311310e-03  7.311310e-03
-2.438144  7.354408e-03  7.354408e-03  7.354408e-03  7.349640e-03  7.349640e-03  7.349640e-03
-2.435843  7.392987e-03  7.392987e-03  7.392987e-03  7.388168e-03  7.388168e-03  7.388168e-03
-2.433542  7.431765e-03  7.431765e-03  7.431765e-03  7.426896e-03  7.426896e-03  7.426896e-03
-2.431241  7.470744e-03  7.470744e-03  7.470744e-03  7.465823e-03  7.465823e-03  7.465823e-03
-2.428940  7.509925e-03  7.509925e-03  7.509925e-03  7.504952e-03  7.504952e-03  7.504952e-03
-2.426639  7.549309e-03  7.549309e-03  7.549309e-03  7.544283e-03  7.544283e-03  7.544283e-03
-2.424338  7.588896e-03  7.588896e-03  7.588896e-03  7.583818e-03  7.583818e-03  7.583818e-03
-2.422037  7.628689e-03  7.628689e-03  7.628689e-03  7.623557e-03  7.623557e-03  7.623557e-03
-2.419736  7.668687e-03  7.668687e-03  7.668687e-03  7.663501e-03  7.663501e-03  7.663501e-03
-2.417434  7.708892e-03  7.708892e-03  7.708892e-03  7.703651e-03  7.703651e-03  7.703651e-03
-2.415133  7.749305e-03  7.749305e-03  7.749305e-03  7.744009e-03  7.744009e-03  7.744009e-03
-2.412832  7.789927e-03  7.789927e-03  7.789927e-03  7.784575e-03  7.784575e-03  7.784575e-03
-2.410531  7.830760e-03  7.830760e-03  7.830760e-03  7.825351e-03  7.825351e-03  7.825351e-03
-2.408230  7.871803e-03  7.871803e-03  7.871803e-03  7.866337e-03  7.866337e-03  7.866337e-03
-2.405929  7.913058e-03  7.913058e-03  7.913058e-03  7.907535e-03  7.907535e-03  7.907535e-03
-2.403628  7.954527e-03  7.954527e-03  7.954527e-03  7.948946e-03  7.948946e-03  7.948946e-03
-2.401327  7.996210e-03  7.996210e-03  7.996210e-03  7.990570e-03  7.990570e-03  7.990570e-03
-2.399026  8.038109e-03  8.038109e-03  8.038109e-03  8.032409e-03  8.032409e-03  8.032409e-03
-2.396725  8.080224e-03  8.080224e-03  8.080224e-03  8.074464e-03  8.074464e-03  8.074464e-03
-2.394424  8.122556e-03  8.122556e-03  8.122556e-03  8.116735e-03  8.116735e-03  8.116735e-03
-2.392123  8.165107e-03  8.165107e-03  8.165107e-03  8.159225e-03  8.159225e-03  8.159225e-03
-2.389822  8.207878e-03  8.207878e-03  8.207878e-03  8.201934e-03  8.201934e-03  8.201934e-03
-2.387521  8.250870e-03  8.250870e-03  8.250870e-03  8.244863e-03  8.244863e-03  8.244863e-03
-2.385220  8.294084e-03  8.294084e-03  8.294084e-03  8.288014e-03  8.288014e-03  8.288014e-03
-2.382919  8.337521e-03  8.337521e-03  8.337521e-03  8.331386e-03  8.331386e-03  8.331386e-03
-2.380618  8.381182e-03  8.381182e-03  8.381182e-03  8.374983e-03  8.374983e-03  8.374983e-03
-2.378317  8.425068e-03  8.425068e-03  8.425068e-03  8.418804e-03  8.418804e-03  8.418804e-03
-2.376016  8.469180e-03  8.469180e-03  8.469180e-03  8.462850e-03  8.462850e-03  8.462850e-03
-2.373715  8.513521e-03  8.513521e-03  8.513521e-03  8.507124e-03  8.507124e-03  8.507124e-03
-2.371414  8.558090e-03  8.558090e-03  8.558090e-03  8.551625e-03  8.551625e-03  8.551625e-03
-2.369113  8.602889e-03  8.602889e-03  8.602889e-03  8.596356e-03  8.596356e-03  8.596356e-03
-2.366812  8.647918e-03  8.647918e-03  8.647918e-03  8.641317e-03  8.641317e-03  8.641317e-03
-2.364511  8.693180e-03  8.693180e-03  8.693180e-03  8.686509e-03  8.686509e-03  8.686509e-03
-2.362210  8.738676e-03  8.738676e-03  8.738676e-03  8.731934e-03  8.731934e-03  8.731934e-03
-2.359909  8.784405e-03  8.784405e-03  8.784405e-03  8.777593e-03  8.777593e-03  8.777593e-03
-2.357608  8.830371e-03  8.830371e-03  8.830371e-03  8.823487e-03  8.823487e-03  8.823487e-03
-2.355307  8.876573e-03  8.876573e-03  8.876573e-03  8.869616e-03  8.869616e-03  8.869616e-03
-2.353006  8.923013e-03  8.923013e-03  8.923013e-03  8.915983e-03  8.915983e-03  8.915983e-03
-2.350705  8.969693e-03  8.969693e-03  8.969693e-03  8.962589e-03  8.962589e-03  8.962589e-03
-2.348404  9.016612e-03  9.016612e-03  9.016612e-03  9.009434e-03  9.009434e-03  9.009434e-03
-2.346103  9.063774e-03  9.063774e-03  9.063774e-03  9.056519e-03  9.056519e-03  9.056519e-03
-2.343802  9.111178e-03  9.111178e-03  9.111178e-03  9.103847e-03  9.103847e-03  9.103847e-03
-2.341500  9.158826e-03  9.158826e-03  9.158826e-03  9.151418e-03  9.151418e-03  9.151418e-03
-2.339199  9.206719e-03  9.206719e-03  9.206719e-03  9.199233e-03  9.199233e-03  9.199233e-03
-2.336898  9.254859e-03  9.254859e-03  9.254859e-03  9.247294e-03  9.247294e-03  9.247294e-03
-2.334597  9.303247e-03  9.303247e-03  9.303247e-03  9.295602e-03  9.295602e-03  9.295602e-03
-2.332296  9.351883e-03  9.351883e-03  9.351883e-03  9.344158e-03  9.344158e-03  9.344158e-03
-2.329995  9.400769e-03  9.400769e-03  9.400769e-03  9.392963e-03  9.392963e-03  9.392963e-03
-2.327694  9.449907e-03  9.449907e-03  9.449907e-03  9.442018e-03  9.442018e-03  9.442018e-03
-2.325393  9.499298e-03  9.499298e-03  9.499298e-03  9.491326e-03  9.491326e-03  9.491326e-03
-2.323092  9.548942e-03  9.548942e-03  9.548942e-03  9.540886e-03  9.540886e-03  9.540886e-03
-2.320791  9.598841e-03  9.598841e-03  9.598841e-03  9.590701e-03  9.590701e-03  9.590701e-03
-2.318490  9.648997e-03  9.648997e-03  9.648997e-03  9.640771e-03  9.640771e-03  9.640771e-03
-2.316189  9.699411e-03  9.699411e-03  9.699411e-03  9.691098e-03  9.691098e-03  9.691098e-03
-2.313888  9.750083e-03  9.750083e-03  9.750083e-03  9.741683e-03  9.741683e-03  9.741683e-03
-2.311587  9.801016e-03  9.801016e-03  9.801016e-03  9.792527e-03  9.792527e-03  9.792527e-03
-2.309286  9.852210e-03  9.852210e-03  9.852210e-03  9.843632e-03  9.843632e-03  9.843632e-03
-2.306985  9.903667e-03  9.903667e-03  9.903667e-03  9.894998e-03  9.894998e-03  9.894998e-03
-2.304684  9.955388e-03  9.955388e-03  9.955388e-03  9.946628e-03  9.946628e-03  9.946628e-03
-2.302383  1.000737e-02  1.000737e-02  1.000737e-02  9.998522e-03  9.998522e-03  9.998522e-03
-2.300082  1.005963e-02  1.005963e-02  1.005963e-02  1.005068e-02  1.005068e-02  1.005068e-02
-2.297781  1.011215e-02  1.011215e-02  1.011215e-02  1.010311e-02  1.010311e-02  1.010311e-02
-2.295480  1.016494e-02  1.016494e-02  1.016494e-02  1.015581e-02  1.015581e-02  1.015581e-02
-2.293179  1.021800e-02  1.021800e-02  1.021800e-02  1.020877e-02  1.020877e-02  1.020877e-02
-2.290878  1.027133e-02  1.027133e-02  1.027133e-02  1.026201e-02  1.026201e-02  1.026201e-02
-2.288577  1.032494e-02  1.032494e-02  1.032494e-02  1.031552e-02  1.031552e-02  1.031552e-02
-2.286276  1.037882e-02  1.037882e-02  1.037882e-02  1.036930e-02  1.036930e-02  1.036930e-02
-2.283975  1.043298e-02  1.043298e-02  1.043298e-02  1.042335e-02  1.042335e-02  1.042335e-02
-2.281674  1.048741e-02  1.048741e-02  1.048741e-02  1.047769e-02  1.047769e-02  1.047769e-02
-2.279373  1.054213e-02  1.054213e-02  1.054213e-02  1.053230e-02  1.053230e-02  1.053230e-02
-2.277072  1.059712e-02  1.059712e-02  1.059712e-02  1.058719e-02  1.058719e-02  1.058719e-02
-2.274771  1.065240e-02  1.065240e-02  1.065240e-02  1.064236e-02  1.064236e-02  1.064236e-02
-2.272470  1.070796e-02  1.070796e-02  1.070796e-02  1.069781e-02  1.069781e-02  1.069781e-02
-2.270169  1.076380e-02  1.076380e-02  1.076380e-02  1.075355e-02  1.075355e-02  1.075355e-02
-2.267868  1.081993e-02  1.081993e-02  1.081993e-02  1.080957e-02  1.080957e-02  1.080957e-02
-2.265566  1.087634e-02  1.087634e-02  1.087634e-02  1.086588e-02  1.086588e-02  1.086588e-02
-2.263265  1.093305e-02  1.093305e-02  1.093305e-02  1.092247e-02  1.092247e-02  1.092247e-02
-2.260964  1.099004e-02  1.099004e-02  1.099004e-02  1.097936e-02  1.097936e-02  1.097936e-02
-2.258663  1.104733e-02  1.104733e-02  1.104733e-02  1.103653e-02  1.103653e-02  1.103653e-02
-2.256362  1.110491e-02  1.110491e-02  1.110491e-02  1.109399e-02  1.109399e-02  1.109399e-02
-2.254061  1.116278e-02  1.116278e-02  1.116278e-02  1.115175e-02  1.115175e-02  1.115175e-02
-2.251760  1.122095e-02  1.122095e-02  1.122095e-02  1.120981e-02  1.120981e-02  1.120981e-02
-2.249459  1.127941e-02  1.127941e-02  1.127941e-02  1.126815e-02  1.126815e-02  1.126815e-02
-2.247158  1.133818e-02  1.133818e-02  1.133818e-02  1.132680e-02  1.132680e-02  1.132680e-02
-2.244857  1.139724e-02  1.139724e-02  1.139724e-02  1.138574e-02  1.138574e-02  1.138574e-02
-2.242556  1.145661e-02  1.145661e-02  1.145661e-02  1.144499e-02  1.144499e-02  1.144499e-02
-2.240255  1.151628e-02  1.151628e-02  1.151628e-02  1.150454e-02  1.150454e-02  1.150454e-02
-2.237954  1.157625e-02  1.157625e-02  1.157625e-02  1.156439e-02  1.156439e-02  1.156439e-02
-2.235653  1.163653e-02  1.163653e-02  1.163653e-02  1.162454e-02  1.162454e-02  1.162454e-02
-2.233352  1.169712e-02  1.169712e-02  1.169712e-02  1.168500e-02  1.168500e-02  1.168500e-02
-2.231051  1.175801e-02  1.175801e-02  1.175801e-02  1.174577e-02  1.174577e-02  1.174577e-02
-2.228750  1.181922e-02  1.181922e-02  1.181922e-02  1.180685e-02  1.180685e-02  1.180685e-02
-2.226449  1.188074e-02  1.188074e-02  1.188074e-02  1.186824e-02  1.186824e-02  1.186824e-02
-2.224148  1.194257e-02  1.194257e-02  1.194257e-02  1.192994e-02  1.192994e-02  1.192994e-02
-2.221847  1.200471e-02  1.200471e-02  1.200471e-02  1.199195e-02  1.199195e-02  1.199195e-02
-2.219546  1.206718e-02  1.206718e-02  1.206718e-02  1.205428e-02  1.205428e-02  1.205428e-02
-2.217245  1.212996e-02  1.212996e-02  1.212996e-02  1.211693e-02  1.211693e-02  1.211693e-02
-2.214944  1.219306e-02  1.219306e-02  1.219306e-02  1.217989e-02  1.217989e-02  1.217989e-02
-2.212643  1.225648e-02  1.225648e-02  1.225648e-02  1.224318e-02  1.224318e-02  1.224318e-02
-2.210342  1.232023e-02  1.232023e-02  1.232023e-02  1.230678e-02  1.230678e-02  1.230678e-02
-2.208041  1.238430e-02  1.238430e-02  1.238430e-02  1.237071e-02  1.237071e-02  1.237071e-02
-2.205740  1.244869e-02  1.244869e-02  1.244869e-02  1.243496e-02  1.243496e-02  1.243496e-02
-2.203439  1.251342e-02  1.251342e-02  1.251342e-02  1.249954e-02  1.249954e-02  1.249954e-02
-2.201138  1.257847e-02  1.257847e-02  1.257847e-02  1.256445e-02  1.256445e-02  1.256445e-02
-2.198837  1.264385e-02  1.264385e-02  1.264385e-02  1.262968e-02  1.262968e-02  1.262968e-02
-2.196536  1.270957e-02  1.270957e-02  1.270957e-02  1.269525e-02  1.269525e-02  1.269525e-02
-2.194235  1.277562e-02  1.277562e-02  1.277562e-02  1.276115e-02  1.276115e-02  1.276115e-02
-2.191934  1.284200e-02  1.284200e-02  1.284200e-02  1.282738e-02  1.282738e-02  1.282738e-02
-2.189633  1.290872e-02  1.290872e-02  1.290872e-02  1.289395e-02  1.289395e-02  1.289395e-02
-2.187331  1.297578e-02  1.297578e-02  1.297578e-02  1.296086e-02  1.296086e-02  1.296086e-02
-2.185030  1.304318e-02  1.304318e-02  1.304318e-02  1.302810e-02  1.302810e-02  1.302810e-02
-2.182729  1.311093e-02  1.311093e-02  1.311093e-02  1.309569e-02  1.309569e-02  1.309569e-02
-2.180428  1.317901e-02  1.317901e-02  1.317901e-02  1.316361e-02  1.316361e-02  1.316361e-02
-2.178127  1.324745e-02  1.324745e-02  1.324745e-02  1.323189e-02  1.323189e-02  1.323189e-02
-2.175826  1.331623e-02  1.331623e-02  1.331623e-02  1.330050e-02  1.330050e-02  1.330050e-02
-2.173525  1.338535e-02  1.338535e-02  1.338535e-02  1.336947e-02  1.336947e-02  1.336947e-02
-2.171224  1.345483e-02  1.345483e-02  1.345483e-02  1.343878e-02  1.343878e-02  1.343878e-02
-2.168923  1.352466e-02  1.352466e-02  1.352466e-02  1.350844e-02  1.350844e-02  1.350844e-02
-2.166622  1.359485e-02  1.359485e-02  1.359485e-02  1.357845e-02  1.357845e-02  1.357845e-02
-2.164321  1.366539e-02  1.366539e-02  1.366539e-02  1.364882e-02  1.364882e-02  1.364882e-02
-2.162020  1.373628e-02  1.373628e-02  1.373628e-02  1.371955e-02  1.371955e-02  1.371955e-02
-2.159719  1.380754e-02  1.380754e-02  1.380754e-02  1.379063e-02  1.379063e-02  1.379063e-02
-2.157418  1.387916e-02  1.387916e-02  1.387916e-02  1.386207e-02  1.386207e-02  1.386207e-02
-2.155117  1.395113e-02  1.395113e-02  1.395113e-02  1.393387e-02  1.393387e-02  1.393387e-02
-2.152816  1.402348e-02  1.402348e-02  1.402348e-02  1.400603e-02  1.400603e-02  1.400603e-02
-2.150515  1.409619e-02  1.409619e-02  1.409619e-02  1.407855e-02  1.407855e-02  1.407855e-02
-2.148214  1.416926e-02  1.416926e-02  1.416926e-02  1.415145e-02  1.415145e-02  1.415145e-02
-2.145913  1.424271e-02  1.424271e-02  1.424271e-02  1.422470e-02  1.422470e-02  1.422470e-02
-2.143612  1.431653e-02  1.431653e-02  1.431653e-02  1.429833e-02  1.429833e-02  1.429833e-02
-2.141311  1.439072e-02  1.439072e-02  1.439072e-02  1.437233e-02  1.437233e-02  1.437233e-02
-2.139010  1.446528e-02  1.446528e-02  1.446528e-02  1.444670e-02  1.444670e-02  1.444670e-02
-2.136709  1.454022e-02  1.454022e-02  1.454022e-02  1.452145e-02  1.452145e-02  1.452145e-02
-2.134408  1.461554e-02  1.461554e-02  1.461554e-02  1.459657e-02  1.459657e-02  1.459657e-02
-2.132107  1.469124e-02  1.469124e-02  1.469124e-02  1.467208e-02  1.467208e-02  1.467208e-02
-2.129806  1.476732e-02  1.476732e-02  1.476732e-02  1.474796e-02  1.474796e-02  1.474796e-02
-2.127505  1.484379e-02  1.484379e-02  1.484379e-02  1.482422e-02  1.482422e-02  1.482422e-02
-2.125204  1.492064e-02  1.492064e-02  1.492064e-02  1.490086e-02  1.490086e-02  1.490086e-02
-2.122903  1.499787e-02  1.499787e-02  1.499787e-02  1.497790e-02  1.497790e-02  1.497790e-02
-2.120602  1.507550e-02  1.507550e-02  1.507550e-02  1.505531e-02  1.505531e-02  1.505531e-02
-2.118301  1.515352e-02  1.515352e-02  1.515352e-02  1.513312e-02  1.513312e-02  1.513312e-02
-2.116000  1.523193e-02  1.523193e-02  1.523193e-02  1.521132e-02  1.521132e-02  1.521132e-02
-2.113699  1.531074e-02  1.531074e-02  1.531074e-02  1.528991e-02  1.528991e-02  1.528991e-02
-2.111397  1.538994e-02  1.538994e-02  1.538994e-02  1.536889e-02  1.536889e-02  1.536889e-02
-2.109096  1.546954e-02  1.546954e-02  1.546954e-02  1.544828e-02  1.544828e-02  1.544828e-02
-2.106795  1.554954e-02  1.554954e-02  1.554954e-02  1.552806e-02  1.552806e-02  1.552806e-02
-2.104494  1.562995e-02  1.562995e-02  1.562995e-02  1.560824e-02  1.560824e-02  1.560824e-02
-2.102193  1.571075e-02  1.571075e-02  1.571075e-02  1.568882e-02  1.568882e-02  1.568882e-02
-2.099892  1.579197e-02  1.579197e-02  1.579197e-02  1.576980e-02  1.576980e-02  1.576980e-02
-2.097591  1.587359e-02  1.587359e-02  1.587359e-02  1.585119e-02  1.585119e-02  1.585119e-02
-2.095290  1.595562e-02  1.595562e-02  1.595562e-02  1.593299e-02  1.593299e-02  1.593299e-02
-2.092989  1.603807e-02  1.603807e-02  1.603807e-02  1.601520e-02  1.601520e-02  1.601520e-02
-2.090688  1.612093e-02  1.612093e-02  1.612093e-02  1.609782e-02  1.609782e-02  1.609782e-02
-2.088387  1.620420e-02  1.620420e-02  1.620420e-02  1.618085e-02  1.618085e-02  1.618085e-02
-2.086086  1.628789e-02  1.628789e-02  1.628789e-02  1.626430e-02  1.626430e-02  1.626430e-02
-2.083785  1.637200e-02  1.637200e-02  1.637200e-02  1.634817e-02  1.634817e-02  1.634817e-02
-2.081484  1.645654e-02  1.645654e-02  1.645654e-02  1.643245e-02  1.643245e-02  1.643245e-02
-2.079183  1.654150e-02  1.654150e-02  1.654150e-02  1.651716e-02  1.651716e-02  1.651716e-02
-2.076882  1.662688e-02  1.662688e-02  1.662688e-02  1.660229e-02  1.660229e-02  1.660229e-02
-2.074581  1.671269e-02  1.671269e-02  1.671269e-02  1.668784e-02  1.668784e-02  1.668784e-02
-2.072280  1.679893e-02  1.679893e-02  1.679893e-02  1.677382e-02  1.677382e-02  1.677382e-02
-2.069979  1.688560e-02  1.688560e-02  1.688560e-02  1.686023e-02  1.686023e-02  1.686023e-02
-2.067678  1.697271e-02  1.697271e-02  1.697271e-02  1.694707e-02  1.694707e-02  1.694707e-02
-2.065377  1.706025e-02  1.706025e-02  1.706025e-02  1.703435e-02  1.703435e-02  1.703435e-02
-2.063076  1.714823e-02  1.714823e-02  1.714823e-02  1.712206e-02  1.712206e-02  1.712206e-02
-2.060775  1.723665e-02  1.723665e-02  1.723665e-02  1.721020e-02  1.721020e-02  1.721020e-02
-2.058474  1.732551e-02  1.732551e-02  1.732551e-02  1.729879e-02  1.729879e-02  1.729879e-02
-2.056173  1.741481e-02  1.741481e-02  1.741481e-02  1.738781e-02  1.738781e-02  1.738781e-02
-2.053872  1.750457e-02  1.750457e-02  1.750457e-02  1.747728e-02  1.747728e-02  1.747728e-02
-2.051571  1.759477e-02  1.759477e-02  1.759477e-02  1.756720e-02  1.756720e-02  1.756720e-02
-2.049270  1.768542e-02  1.768542e-02  1.768542e-02  1.765756e-02  1.765756e-02  1.765756e-02
-2.046969  1.777652e-02  1.777652e-02  1.777652e-02  1.774837e-02  1.774837e-02  1.774837e-02
-2.044668  1.786807e-02  1.786807e-02  1.786807e-02  1.783964e-02  1.783964e-02  1.783964e-02
-2.042367  1.796009e-02  1.796009e-02  1.796009e-02  1.793135e-02  1.793135e-02  1.793135e-02
-2.040066  1.805256e-02  1.805256e-02  1.805256e-02  1.802353e-02  1.802353e-02  1.802353e-02
-2.037765  1.814549e-02  1.814549e-02  1.814549e-02  1.811616e-02  1.811616e-02  1.811616e-02
-2.035463  1.823889e-02  1.823889e-02  1.823889e-02  1.820925e-02  1.820925e-02  1.820925e-02
-2.033162  1.833275e-02  1.833275e-02  1.833275e-02  1.830280e-02  1.830280e-02  1.830280e-02
-2.030861  1.842708e-02  1.842708e-02  1.842708e-02  1.839682e-02  1.839682e-02  1.839682e-02
-2.028560  1.852187e-02  1.852187e-02  1.852187e-02  1.849130e-02  1.849130e-02  1.849130e-02
-2.026259  1.861714e-02  1.861714e-02  1.861714e-02  1.858625e-02  1.858625e-02  1.858625e-02
-2.023958  1.871288e-02  1.871288e-02  1.871288e-02  1.868167e-02  1.868167e-02  1.868167e-02
-2.021657  1.880910e-02  1.880910e-02  1.880910e-02  1.877756e-02  1.877756e-02  1.877756e-02
-2.019356  1.890580e-02  1.890580e-02  1.890580e-02  1.887393e-02  1.887393e-02  1.887393e-02
-2.017055  1.900298e-02  1.900298e-02  1.900298e-02  1.897078e-02  1.897078e-02  1.897078e-02
-2.014754  1.910064e-02  1.910064e-02  1.910064e-02  1.906810e-02  1.906810e-02  1.906810e-02
-2.012453  1.919878e-02  1.919878e-02  1.919878e-02  1.916591e-02  1.916591e-02  1.916591e-02
-2.010152  1.929741e-02  1.929741e-02  1.929741e-02  1.926420e-02  1.926420e-02  1.926420e-02
-2.007851  1.939653e-02  1.939653e-02  1.939653e-02  1.936297e-02  1.936297e-02  1.936297e-02
-2.005550  1.949614e-02  1.949614e-02  1.949614e-02  1.946223e-02  1.946223e-02  1.946223e-02
-2.003249  1.959625e-02  1.959625e-02  1.959625e-02  1.956199e-02  1.956199e-02  1.956199e-02
-2.000948  1.969685e-02  1.969685e-02  1.969685e-02  1.966223e-02  1.966223e-02  1.966223e-02
-1.998647  1.979795e-02  1.979795e-02  1.979795e-02  1.976297e-02  1.976297e-02  1.976297e-02
-1.996346  1.989955e-02  1.989955e-02  1.989955e-02  1.986421e-02  1.986421e-02  1.986421e-02
-1.994045  2.000165e-02  2.000165e-02  2.000165e-02  1.996595e-02  1.996595e-02  1.996595e-02
-1.991744  2.010426e-02  2.010426e-02  2.010426e-02  2.006818e-02  2.006818e-02  2.006818e-02
-1.989443  2.020738e-02  2.020738e-02  2.020738e-02  2.017092e-02  2.017092e-02  2.017092e-02
-1.987142  2.031100e-02  2.031100e-02  2.031100e-02  2.027417e-02  2.027417e-02  2.027417e-02
-1.984841  2.041514e-02  2.041514e-02  2.041514e-02  2.037793e-02  2.037793e-02  2.037793e-02
-1.982540  2.051979e-02  2.051979e-02  2.051979e-02  2.048219e-02  2.048219e-02  2.048219e-02
-1.980239  2.062496e-02  2.062496e-02  2.062496e-02  2.058697e-02  2.058697e-02  2.058697e-02
-1.977938  2.073065e-02  2.073065e-02  2.073065e-02  2.069226e-02  2.069226e-02  2.069226e-02
-1.975637  2.083686e-02  2.083686e-02  2.083686e-02  2.079808e-02  2.079808e-02  2.079808e-02
-1.973336  2.094359e-02  2.094359e-02  2.094359e-02  2.090441e-02  2.090441e-02  2.090441e-02
-1.971035  2.105085e-02  2.105085e-02  2.105085e-02  2.101126e-02  2.101126e-02  2.101126e-02
-1.968734  2.115864e-02  2.115864e-02  2.115864e-02  2.111864e-02  2.111864e-02  2.111864e-02
-1.966433  2.126696e-02  2.126696e-02  2.126696e-02  2.122654e-02  2.122654e-02  2.122654e-02
-1.964132  2.137581e-02  2.137581e-02  2.137581e-02  2.133497e-02  2.133497e-02  2.133497e-02
-1.961831  2.148520e-02  2.148520e-02  2.148520e-02  2.144394e-02  2.144394e-02  2.144394e-02
-1.959530  2.159512e-02  2.159512e-02  2.159512e-02  2.155343e-02  2.155343e-02  2.155343e-02
-1.957228  2.170559e-02  2.170559e-02  2.170559e-02  2.166347e-02  2.166347e-02  2.166347e-02
-1.954927  2.181660e-02  2.181660e-02  2.181660e-02  2.177404e-02  2.177404e-02  2.177404e-02
-1.952626  2.192816e-02  2.192816e-02  2.192816e-02  2.188516e-02  2.188516e-02  2.188516e-02
-1.950325  2.204026e-02  2.204026e-02  2.204026e-02  2.199681e-02  2.199681e-02  2.199681e-02
-1.948024  2.215291e-02  2.215291e-02  2.215291e-02  2.210902e-02  2.210902e-02  2.210902e-02
-1.945723  2.226612e-02  2.226612e-02  2.226612e-02  2.222177e-02  2.222177e-02  2.222177e-02
-1.943422  2.237988e-02  2.237988e-02  2.237988e-02  2.233507e-02  2.233507e-02  2.233507e-02
-1.941121  2.249420e-02  2.249420e-02  2.249420e-02  2.244893e-02  2.244893e-02  2.244893e-02
-1.938820  2.260908e-02  2.260908e-02  2.260908e-02  2.256334e-02  2.256334e-02  2.256334e-02
-1.936519  2.272452e-02  2.272452e-02  2.272452e-02  2.267830e-02  2.267830e-02  2.267830e-02
-1.934218  2.284053e-02  2.284053e-02  2.284053e-02  2.279383e-02  2.279383e-02  2.279383e-02
-1.931917  2.295710e-02  2.295710e-02  2.295710e-02  2.290993e-02  2.290993e-02  2.290993e-02
-1.929616  2.307425e-02  2.307425e-02  2.307425e-02  2.302658e-02  2.302658e-02  2.302658e-02
-1.927315  2.319197e-02  2.319197e-02  2.319197e-02  2.314381e-02  2.314381e-02  2.314381e-02
-1.925014  2.331026e-02  2.331026e-02  2.331026e-02  2.326161e-02  2.326161e-02  2.326161e-02
-1.922713  2.342913e-02  2.342913e-02  2.342913e-02  2.337997e-02  2.337997e-02  2.337997e-02
-1.920412  2.354859e-02  2.354859e-02  2.354859e-02  2.349892e-02  2.349892e-02  2.349892e-02
-1.918111  2.366862e-02  2.366862e-02  2.366862e-02  2.361844e-02  2.361844e-02  2.361844e-02
-1.915810  2.378924e-02  2.378924e-02  2.378924e-02  2.373854e-02  2.373854e-02  2.373854e-02
-1.913509  2.391045e-02  2.391045e-02  2.391045e-02  2.385923e-02  2.385923e-02  2.385923e-02
-1.911208  2.403225e-02  2.403225e-02  2.403225e-02  2.398050e-02  2.398050e-02  2.398050e-02
-1.908907  2.415465e-02  2.415465e-02  2.415465e-02  2.410236e-02  2.410236e-02  2.410236e-02
-1.906606  2.427764e-02  2.427764e-02  2.427764e-02  2.422481e-02  2.422481e-02  2.422481e-02
-1.904305  2.440123e-02  2.440123e-02  2.440123e-02  2.434785e-02  2.434785e-02  2.434785e-02
-1.902004  2.452542e-02  2.452542e-02  2.452542e-02  2.447149e-02  2.447149e-02  2.447149e-02
-1.899703  2.465021e-02  2.465021e-02  2.465021e-02  2.459573e-02  2.459573e-02  2.459573e-02
-1.897402  2.477561e-02  2.477561e-02  2.477561e-02  2.472057e-02  2.472057e-02  2.472057e-02
-1.895101  2.490162e-02  2.490162e-02  2.490162e-02  2.484601e-02  2.484601e-02  2.484601e-02
-1.892800  2.502825e-02  2.502825e-02  2.502825e-02  2.497206e-02  2.497206e-02  2.497206e-02
-1.890499  2.515548e-02  2.515548e-02  2.515548e-02  2.509871e-02  2.509871e-02  2.509871e-02
-1.888198  2.528334e-02  2.528334e-02  2.528334e-02  2.522598e-02  2.522598e-02  2.522598e-02
-1.885897  2.541181e-02  2.541181e-02  2.541181e-02  2.535386e-02  2.535386e-02  2.535386e-02
-1.883596  2.554091e-02  2.554091e-02  2.554091e-02  2.548236e-02  2.548236e-02  2.548236e-02
-1.881294  2.567063e-02  2.567063e-02  2.567063e-02  2.561148e-02  2.561148e-02  2.561148e-02
-1.878993  2.580098e-02  2.580098e-02  2.580098e-02  2.574122e-02  2.574122e-02  2.574122e-02
-1.876692  2.593196e-02  2.593196e-02  2.593196e-02  2.587159e-02  2.587159e-02  2.587159e-02
-1.874391  2.606358e-02  2.606358e-02  2.606358e-02  2.600258e-02  2.600258e-02  2.600258e-02
-1.872090  2.619583e-02  2.619583e-02  2.619583e-02  2.613420e-02  2.613420e-02  2.613420e-02
-1.869789  2.632872e-02  2.632872e-02  2.632872e-02  2.626646e-02  2.626646e-02  2.626646e-02
-1.867488  2.646225e-02  2.646225e-02  2.646225e-02  2.639935e-02  2.639935e-02  2.639935e-02
-1.865187  2.659643e-02  2.659643e-02  2.659643e-02  2.653288e-02  2.653288e-02  2.653288e-02
-1.862886  2.673125e-02  2.673125e-02  2.673125e-02  2.666705e-02  2.666705e-02  2.666705e-02
-1.860585  2.686673e-02  2.686673e-02  2.686673e-02  2.680186e-02  2.680186e-02  2.680186e-02
-1.858284  2.700285e-02  2.700285e-02  2.700285e-02  2.693732e-02  2.693732e-02  2.693732e-02
-1.855983  2.713964e-02  2.713964e-02  2.713964e-02  2.707343e-02  2.707343e-02  2.707343e-02
-1.853682  2.727708e-02  2.727708e-02  2.727708e-02  2.721019e-02  2.721019e-02  2.721019e-02
-1.851381  2.741518e-02  2.741518e-02  2.741518e-02  2.734760e-02  2.734760e-02  2.734760e-02
-1.849080  2.755395e-02  2.755395e-02  2.755395e-02  2.748567e-02  2.748567e-02  2.748567e-02
-1.846779  2.769338e-02  2.769338e-02  2.769338e-02  2.762441e-02  2.762441e-02  2.762441e-02
-1.844478  2.783349e-02  2.783349e-02  2.783349e-02  2.776380e-02  2.776380e-02  2.776380e-02
-1.842177  2.797426e-02  2.797426e-02  2.797426e-02  2.790386e-02  2.790386e-02  2.790386e-02
-1.839876  2.811572e-02  2.811572e-02  2.811572e-02  2.804459e-02  2.804459e-02  2.804459e-02
-1.837575  2.825785e-02  2.825785e-02  2.825785e-02  2.818599e-02  2.818599e-02  2.818599e-02
-1.835274  2.840066e-02  2.840066e-02  2.840066e-02  2.832806e-02  2.832806e-02  2.832806e-02
-1.832973  2.854416e-02  2.854416e-02  2.854416e-02  2.847081e-02  2.847081e-02  2.847081e-02
-1.830672  2.868834e-02  2.868834e-02  2.868834e-02  2.861425e-02  2.861425e-02  2.861425e-02
-1.828371  2.883321e-02  2.883321e-02  2.883321e-02  2.875836e-02  2.875836e-02  2.875836e-02
-1.826070  2.897878e-02  2.897878e-02  2.897878e-02  2.890316e-02  2.890316e-02  2.890316e-02
-1.823769  2.912504e-02  2.912504e-02  2.912504e-02  2.904864e-02  2.904864e-02  2.904864e-02
-1.821468  2.927201e-02  2.927201e-02  2.927201e-02  2.919482e-02  2.919482e-02  2.919482e-02
-1.819167  2.941967e-02  2.941967e-02  2.941967e-02  2.934169e-02  2.934169e-02  2.934169e-02
-1.816866  2.956804e-02  2.956804e-02  2.956804e-02  2.948926e-02  2.948926e-02  2.948926e-02
-1.814565  2.971711e-02  2.971711e-02  2.971711e-02  2.963753e-02  2.963753e-02  2.963753e-02
-1.812264  2.986690e-02  2.986690e-02  2.986690e-02  2.978650e-02  2.978650e-02  2.978650e-02
-1.809963  3.001740e-02  3.001740e-02  3.001740e-02  2.993617e-02  2.993617e-02  2.993617e-02
-1.807662  3.016862e-02  3.016862e-02  3.016862e-02  3.008656e-02  3.008656e-02  3.008656e-02
-1.805360  3.032055e-02  3.032055e-02  3.032055e-02  3.023765e-02  3.023765e-02  3.023765e-02
-1.803059  3.047321e-02  3.047321e-02  3.047321e-02  3.038946e-02  3.038946e-02  3.038946e-02
-1.800758  3.062660e-02  3.062660e-02  3.062660e-02  3.054199e-02  3.054199e-02  3.054199e-02
-1.798457  3.078071e-02  3.078071e-02  3.078071e-02  3.069523e-02  3.069523e-02  3.069523e-02
-1.796156  3.093555e-02  3.093555e-02  3.093555e-02  3.084920e-02  3.084920e-02  3.084920e-02
-1.793855  3.109113e-02  3.109113e-02  3.109113e-02  3.100389e-02  3.100389e-02  3.100389e-02
-1.791554  3.124745e-02  3.124745e-02  3.124745e-02  3.115932e-02  3.115932e-02  3.115932e-02
-1.789253  3.140450e-02  3.140450e-02  3.140450e-02  3.131547e-02  3.131547e-02  3.131547e-02
-1.786952  3.156231e-02  3.156231e-02  3.156231e-02  3.147236e-02  3.147236e-02  3.147236e-02
-1.784651  3.172085e-02  3.172085e-02  3.172085e-02  3.162999e-02  3.162999e-02  3.162999e-02
-1.782350  3.188015e-02  3.188015e-02  3.188015e-02  3.178836e-02  3.178836e-02  3.178836e-02
-1.780049  3.204020e-02  3.204020e-02  3.204020e-02  3.194747e-02  3.194747e-02  3.194747e-02
-1.777748  3.220101e-02  3.220101e-02  3.220101e-02  3.210733e-02  3.210733e-02  3.210733e-02
-1.775447  3.236257e-02  3.236257e-02  3.236257e-02  3.226793e-02  3.226793e-02  3.226793e-02
-1.773146  3.252490e-02  3.252490e-02  3.252490e-02  3.242929e-02  3.242929e-02  3.242929e-02
-1.770845  3.268799e-02  3.268799e-02  3.268799e-02  3.259141e-02  3.259141e-02  3.259141e-02
-1.768544  3.285185e-02  3.285185e-02  3.285185e-02  3.275428e-02  3.275428e-02  3.275428e-02
-1.766243  3.301649e-02  3.301649e-02  3.301649e-02  3.291792e-02  3.291792e-02  3.291792e-02
-1.763942  3.318189e-02  3.318189e-02  3.318189e-02  3.308232e-02  3.308232e-02  3.308232e-02
-1.761641  3.334808e-02  3.334808e-02  3.334808e-02  3.324749e-02  3.324749e-02  3.324749e-02
-1.759340  3.351504e-02  3.351504e-02  3.351504e-02  3.341343e-02  3.341343e-02  3.341343e-02
-1.757039  3.368279e-02  3.368279e-02  3.368279e-02  3.358014e-02  3.358014e-02  3.358014e-02
-1.754738  3.385133e-02  3.385133e-02  3.385133e-02  3.374763e-02  3.374763e-02  3.374763e-02
-1.752437  3.402066e-02  3.402066e-02  3.402066e-02  3.391590e-02  3.391590e-02  3.391590e-02
-1.750136  3.419078e-02  3.419078e-02  3.419078e-02  3.408495e-02  3.408495e-02  3.408495e-02
-1.747835  3.436169e-02  3.436169e-02  3.436169e-02  3.425479e-02  3.425479e-02  3.425479e-02
-1.745534  3.453341e-02  3.453341e-02  3.453341e-02  3.442541e-02  3.442541e-02  3.442541e-02
-1.743233  3.470593e-02  3.470593e-02  3.470593e-02  3.459683e-02  3.459683e-02  3.459683e-02
-1.740932  3.487926e-02  3.487926e-02  3.487926e-02  3.476905e-02  3.476905e-02  3.476905e-02
-1.738631  3.505339e-02  3.505339e-02  3.505339e-02  3.494206e-02  3.494206e-02  3.494206e-02
-1.736330  3.522834e-02  3.522834e-02  3.522834e-02  3.511588e-02  3.511588e-02  3.511588e-02
-1.734029  3.540411e-02  3.540411e-02  3.540411e-02  3.529050e-02  3.529050e-02  3.529050e-02
-1.731728  3.558069e-02  3.558069e-02  3.558069e-02  3.546592e-02  3.546592e-02  3.546592e-02
-1.729427  3.575810e-02  3.575810e-02  3.575810e-02  3.564216e-02  3.564216e-02  3.564216e-02
-1.727125  3.593633e-02  3.593633e-02  3.593633e-02  3.581921e-02  3.581921e-02  3.581921e-02
-1.724824  3.611539e-02  3.611539e-02  3.611539e-02  3.599708e-02  3.599708e-02  3.599708e-02
-1.722523  3.629528e-02  3.629528e-02  3.629528e-02  3.617577e-02  3.617577e-02  3.617577e-02
-1.720222  3.647601e-02  3.647601e-02  3.647601e-02  3.635528e-02  3.635528e-02  3.635528e-02
-1.717921  3.665757e-02  3.665757e-02  3.665757e-02  3.653562e-02  3.653562e-02  3.653562e-02
-1.715620  3.683998e-02  3.683998e-02  3.683998e-02  3.671679e-02  3.671679e-02  3.671679e-02
-1.713319  3.702324e-02  3.702324e-02  3.702324e-02  3.689879e-02  3.689879e-02  3.689879e-02
-1.711018  3.720734e-02  3.720734e-02  3.720734e-02  3.708163e-02  3.708163e-02  3.708163e-02
-1.708717  3.739229e-02  3.739229e-02  3.739229e-02  3.726530e-02  3.726530e-02  3.726530e-02
-1.706416  3.757810e-02  3.757810e-02  3.757810e-02  3.744982e-02  3.744982e-02  3.744982e-02
-1.704115  3.776477e-02  3.776477e-02  3.776477e-02  3.763519e-02  3.763519e-02  3.763519e-02
-1.701814  3.795229e-02  3.795229e-02  3.795229e-02  3.782140e-02  3.782140e-02  3.782140e-02
-1.699513  3.814069e-02  3.814069e-02  3.814069e-02  3.800847e-02  3.800847e-02  3.800847e-02
-1.697212  3.832995e-02  3.832995e-02  3.832995e-02  3.819639e-02  3.819639e-02  3.819639e-02
-1.694911  3.852008e-02  3.852008e-02  3.852008e-02  3.838516e-02  3.838516e-02  3.838516e-02
-1.692610  3.871109e-02  3.871109e-02  3.871109e-02  3.857480e-02  3.857480e-02  3.857480e-02
-1.690309  3.890298e-02  3.890298e-02  3.890298e-02  3.876531e-02  3.876531e-02  3.876531e-02
-1.688008  3.909574e-02  3.909574e-02  3.909574e-02  3.895668e-02  3.895668e-02  3.895668e-02
-1.685707  3.928940e-02  3.928940e-02  3.928940e-02  3.914893e-02  3.914893e-02  3.914893e-02
-1.683406  3.948394e-02  3.948394e-02  3.948394e-02  3.934204e-02  3.934204e-02  3.934204e-02
-1.681105  3.967937e-02  3.967937e-02  3.967937e-02  3.953604e-02  3.953604e-02  3.953604e-02
-1.678804  3.987570e-02  3.987570e-02  3.987570e-02  3.973092e-02  3.973092e-02  3.973092e-02
-1.676503  4.007292e-02  4.007292e-02  4.007292e-02  3.992668e-02  3.992668e-02  3.992668e-02
-1.674202  4.027105e-02  4.027105e-02  4.027105e-02  4.012332e-02  4.012332e-02  4.012332e-02
-1.671901  4.047008e-02  4.047008e-02  4.047008e-02  4.032086e-02  4.032086e-02  4.032086e-02
-1.669600  4.067002e-02  4.067002e-02  4.067002e-02  4.051930e-02  4.051930e-02  4.051930e-02
-1.667299  4.087088e-02  4.087088e-02  4.087088e-02  4.071862e-02  4.071862e-02  4.071862e-02
-1.664998  4.107264e-02  4.107264e-02  4.107264e-02  4.091885e-02  4.091885e-02  4.091885e-02
-1.662697  4.127533e-02  4.127533e-02  4.127533e-02  4.111999e-02  4.111999e-02  4.111999e-02
-1.660396  4.147894e-02  4.147894e-02  4.147894e-02  4.132203e-02  4.132203e-02  4.132203e-02
-1.658095  4.168348e-02  4.168348e-02  4.168348e-02  4.152498e-02  4.152498e-02  4.152498e-02
-1.655794  4.188894e-02  4.188894e-02  4.188894e-02  4.172884e-02  4.172884e-02  4.172884e-02
-1.653493  4.209534e-02  4.209534e-02  4.209534e-02  4.193362e-02  4.193362e-02  4.193362e-02
-1.651191  4.230267e-02  4.230267e-02  4.230267e-02  4.213932e-02  4.213932e-02  4.213932e-02
-1.648890  4.251094e-02  4.251094e-02  4.251094e-02  4.234595e-02  4.234595e-02  4.234595e-02
-1.646589  4.272015e-02  4.272015e-02  4.272015e-02  4.255350e-02  4.255350e-02  4.255350e-02
-1.644288  4.293031e-02  4.293031e-02  4.293031e-02  4.276198e-02  4.276198e-02  4.276198e-02
-1.641987  4.314142e-02  4.314142e-02  4.314142e-02  4.297139e-02  4.297139e-02  4.297139e-02
-1.639686  4.335348e-02  4.335348e-02  4.335348e-02  4.318174e-02  4.318174e-02  4.318174e-02
-1.637385  4.356650e-02  4.356650e-02  4.356650e-02  4.339303e-02  4.339303e-02  4.339303e-02
-1.635084  4.378048e-02  4.378048e-02  4.378048e-02  4.360526e-02  4.360526e-02  4.360526e-02
-1.632783  4.399542e-02  4.399542e-02  4.399542e-02  4.381843e-02  4.381843e-02  4.381843e-02
-1.630482  4.421133e-02  4.421133e-02  4.421133e-02  4.403256e-02  4.403256e-02  4.403256e-02
-1.628181  4.442821e-02  4.442821e-02  4.442821e-02  4.424764e-02  4.424764e-02  4.424764e-02
-1.625880  4.464606e-02  4.464606e-02  4.464606e-02  4.446368e-02  4.446368e-02  4.446368e-02
-1.623579  4.486489e-02  4.486489e-02  4.486489e-02  4.468067e-02  4.468067e-02  4.468067e-02
-1.621278  4.508470e-02  4.508470e-02  4.508470e-02  4.489863e-02  4.489863e-02  4.489863e-02
-1.618977  4.530550e-02  4.530550e-02  4.530550e-02  4.511756e-02  4.511756e-02  4.511756e-02
-1.616676  4.552728e-02  4.552728e-02  4.552728e-02  4.533745e-02  4.533745e-02  4.533745e-02
-1.614375  4.575005e-02  4.575005e-02  4.575005e-02  4.555832e-02  4.555832e-02  4.555832e-02
-1.612074  4.597382e-02  4.597382e-02  4.597382e-02  4.578016e-02  4.578016e-02  4.578016e-02
-1.609773  4.619858e-02  4.619858e-02  4.619858e-02  4.600298e-02  4.600298e-02  4.600298e-02
-1.607472  4.642435e-02  4.642435e-02  4.642435e-02  4.622679e-02  4.622679e-02  4.622679e-02
-1.605171  4.665112e-02  4.665112e-02  4.665112e-02  4.645158e-02  4.645158e-02  4.645158e-02
-1.602870  4.687890e-02  4.687890e-02  4.687890e-02  4.667736e-02  4.667736e-02  4.667736e-02
-1.600569  4.710770e-02  4.710770e-02  4.710770e-02  4.690413e-02  4.690413e-02  4.690413e-02
-1.598268  4.733750e-02  4.733750e-02  4.733750e-02  4.713190e-02  4.713190e-02  4.713190e-02
-1.595967  4.756833e-02  4.756833e-02  4.756833e-02  4.736067e-02  4.736067e-02  4.736067e-02
-1.593666  4.780018e-02  4.780018e-02  4.780018e-02  4.759044e-02  4.759044e-02  4.759044e-02
-1.591365  4.803306e-02  4.803306e-02  4.803306e-02  4.782121e-02  4.782121e-02  4.782121e-02
-1.589064  4.826696e-02  4.826696e-02  4.826696e-02  4.805300e-02  4.805300e-02  4.805300e-02
-1.586763  4.850190e-02  4.850190e-02  4.850190e-02  4.828580e-02  4.828580e-02  4.828580e-02
-1.584462  4.873787e-02  4.873787e-02  4.873787e-02  4.851961e-02  4.851961e-02  4.851961e-02
-1.582161  4.897489e-02  4.897489e-02  4.897489e-02  4.875444e-02  4.875444e-02  4.875444e-02
-1.579860  4.921295e-02  4.921295e-02  4.921295e-02  4.899030e-02  4.899030e-02  4.899030e-02
-1.577559  4.945205e-02  4.945205e-02  4.945205e-02  4.922718e-02  4.922718e-02  4.922718e-02
-1.575257  4.969221e-02  4.969221e-02  4.969221e-02  4.946509e-02  4.946509e-02  4.946509e-02
-1.572956  4.993342e-02  4.993342e-02  4.993342e-02  4.970403e-02  4.970403e-02  4.970403e-02
-1.570655  5.017569e-02  5.017569e-02  5.017569e-02  4.994401e-02  4.994401e-02  4.994401e-02
-1.568354  5.041902e-02  5.041902e-02  5.041902e-02  5.018502e-02  5.018502e-02  5.018502e-02
-1.566053  5.066341e-02  5.066341e-02  5.066341e-02  5.042708e-02  5.042708e-02  5.042708e-02
-1.563752  5.090887e-02  5.090887e-02  5.090887e-02  5.067019e-02  5.067019e-02  5.067019e-02
-1.561451  5.115540e-02  5.115540e-02  5.115540e-02  5.091434e-02  5.091434e-02  5.091434e-02
-1.559150  5.140301e-02  5.140301e-02  5.140301e-02  5.115955e-02  5.115955e-02  5.115955e-02
-1.556849  5.165170e-02  5.165170e-02  5.165170e-02  5.140581e-02  5.140581e-02  5.140581e-02
-1.554548  5.190147e-02  5.190147e-02  5.190147e-02  5.165313e-02  5.165313e-02  5.165313e-02
-1.552247  5.215232e-02  5.215232e-02  5.215232e-02  5.190152e-02  5.190152e-02  5.190152e-02
-1.549946  5.240427e-02  5.240427e-02  5.240427e-02  5.215096e-02  5.215096e-02  5.215096e-02
-1.547645  5.265731e-02  5.265731e-02  5.265731e-02  5.240148e-02  5.240148e-02  5.240148e-02
-1.545344  5.291144e-02  5.291144e-02  5.291144e-02  5.265307e-02  5.265307e-02  5.265307e-02
-1.543043  5.316667e-02  5.316667e-02  5.316667e-02  5.290574e-02  5.290574e-02  5.290574e-02
-1.540742  5.342301e-02  5.342301e-02  5.342301e-02  5.315948e-02  5.315948e-02  5.315948e-02
-1.538441  5.368045e-02  5.368045e-02  5.368045e-02  5.341430e-02  5.341430e-02  5.341430e-02
-1.536140  5.393900e-02  5.393900e-02  5.393900e-02  5.367022e-02  5.367022e-02  5.367022e-02
-1.533839  5.419867e-02  5.419867e-02  5.419867e-02  5.392721e-02  5.392721e-02  5.392721e-02
-1.531538  5.445946e-02  5.445946e-02  5.445946e-02  5.418531e-02  5.418531e-02  5.418531e-02
-1.529237  5.472136e-02  5.472136e-02  5.472136e-02  5.444449e-02  5.444449e-02  5.444449e-02
-1.526936  5.498439e-02  5.498439e-02  5.498439e-02  5.470478e-02  5.470478e-02  5.470478e-02
-1.524635  5.524855e-02  5.524855e-02  5.524855e-02  5.496616e-02  5.496616e-02  5.496616e-02
-1.522334  5.551384e-02  5.551384e-02  5.551384e-02  5.522865e-02  5.522865e-02  5.522865e-02
-1.520033  5.578026e-02  5.578026e-02  5.578026e-02  5.549225e-02  5.549225e-02  5.549225e-02
-1.517732  5.604782e-02  5.604782e-02  5.604782e-02  5.575696e-02  5.575696e-02  5.575696e-02
-1.515431  5.631652e-02  5.631652e-02  5.631652e-02  5.602279e-02  5.602279e-02  5.602279e-02
-1.513130  5.658637e-02  5.658637e-02  5.658637e-02  5.628973e-02  5.628973e-02  5.628973e-02
-1.510829  5.685737e-02  5.685737e-02  5.685737e-02  5.655779e-02  5.655779e-02  5.655779e-02
-1.508528  5.712952e-02  5.712952e-02  5.712952e-02  5.682698e-02  5.682698e-02  5.682698e-02
-1.506227  5.740282e-02  5.740282e-02  5.740282e-02  5.709730e-02  5.709730e-02  5.709730e-02
-1.503926  5.767729e-02  5.767729e-02  5.767729e-02  5.736874e-02  5.736874e-02  5.736874e-02
-1.501625  5.795291e-02  5.795291e-02  5.795291e-02  5.764132e-02  5.764132e-02  5.764132e-02
-1.499324  5.822971e-02  5.822971e-02  5.822971e-02  5.791504e-02  5.791504e-02  5.791504e-02
-1.497022  5.850767e-02  5.850767e-02  5.850767e-02  5.818990e-02  5.818990e-02  5.818990e-02
-1.494721  5.878680e-02  5.878680e-02  5.878680e-02  5.846590e-02  5.846590e-02  5.846590e-02
-1.492420  5.906712e-02  5.906712e-02  5.906712e-02  5.874304e-02  5.874304e-02  5.874304e-02
-1.490119  5.934861e-02  5.934861e-02  5.934861e-02  5.902134e-02  5.902134e-02  5.902134e-02
-1.487818  5.963128e-02  5.963128e-02  5.963128e-02  5.930079e-02  5.930079e-02  5.930079e-02
-1.485517  5.991514e-02  5.991514e-02  5.991514e-02  5.958140e-02  5.958140e-02  5.958140e-02
-1.483216  6.020019e-02  6.020019e-02  6.020019e-02  5.986317e-02  5.986317e-02  5.986317e-02
-1.480915  6.048644e-02  6.048644e-02  6.048644e-02  6.014609e-02  6.014609e-02  6.014609e-02
-1.478614  6.077388e-02  6.077388e-02  6.077388e-02  6.043019e-02  6.043019e-02  6.043019e-02
-1.476313  6.106252e-02  6.106252e-02  6.106252e-02  6.071545e-02  6.071545e-02  6.071545e-02
-1.474012  6.135236e-02  6.135236e-02  6.135236e-02  6.100189e-02  6.100189e-02  6.100189e-02
-1.471711  6.164342e-02  6.164342e-02  6.164342e-02  6.128950e-02  6.128950e-02  6.128950e-02
-1.469410  6.193568e-02  6.193568e-02  6.193568e-02  6.157828e-02  6.157828e-02  6.157828e-02
-1.467109  6.222916e-02  6.222916e-02  6.222916e-02  6.186825e-02  6.186825e-02  6.186825e-02
-1.464808  6.252385e-02  6.252385e-02  6.252385e-02  6.215941e-02  6.215941e-02  6.215941e-02
-1.462507  6.281976e-02  6.281976e-02  6.281976e-02  6.245175e-02  6.245175e-02  6.245175e-02
-1.460206  6.311690e-02  6.311690e-02  6.311690e-02  6.274528e-02  6.274528e-02  6.274528e-02
-1.457905  6.341527e-02  6.341527e-02  6.341527e-02  6.304000e-02  6.304000e-02  6.304000e-02
-1.455604  6.371486e-02  6.371486e-02  6.371486e-02  6.333592e-02  6.333592e-02  6.333592e-02
-1.453303  6.401569e-02  6.401569e-02  6.401569e-02  6.363304e-02  6.363304e-02  6.363304e-02
-1.451002  6.431776e-02  6.431776e-02  6.431776e-02  6.393137e-02  6.393137e-02  6.393137e-02
-1.448701  6.462107e-02  6.462107e-02  6.462107e-02  6.423089e-02  6.423089e-02  6.423089e-02
-1.446400  6.492562e-02  6.492562e-02  6.492562e-02  6.453163e-02  6.453163e-02  6.453163e-02
-1.444099  6.523142e-02  6.523142e-02  6.523142e-02  6.483358e-02  6.483358e-02  6.483358e-02
-1.441798  6.553847e-02  6.553847e-02  6.553847e-02  6.513674e-02  6.513674e-02  6.513674e-02
-1.439497  6.584677e-02  6.584677e-02  6.584677e-02  6.544112e-02  6.544112e-02  6.544112e-02
-1.437196  6.615633e-02  6.615633e-02  6.615633e-02  6.574672e-02  6.574672e-02  6.574672e-02
-1.434895  6.646715e-02  6.646715e-02  6.646715e-02  6.605355e-02  6.605355e-02  6.605355e-02
-1.432594  6.677923e-02  6.677923e-02  6.677923e-02  6.636160e-02  6.636160e-02  6.636160e-02
-1.430293  6.709258e-02  6.709258e-02  6.709258e-02  6.667088e-02  6.667088e-02  6.667088e-02
-1.427992  6.740720e-02  6.740720e-02  6.740720e-02  6.698139e-02  6.698139e-02  6.698139e-02
-1.425691  6.772309e-02  6.772309e-02  6.772309e-02  6.729314e-02  6.729314e-02  6.729314e-02
-1.423390  6.804026e-02  6.804026e-02  6.804026e-02  6.760612e-02  6.760612e-02  6.760612e-02
-1.421088  6.835871e-02  6.835871e-02  6.835871e-02  6.792035e-02  6.792035e-02  6.792035e-02
-1.418787  6.867844e-02  6.867844e-02  6.867844e-02  6.823582e-02  6.823582e-02  6.823582e-02
-1.416486  6.899946e-02  6.899946e-02  6.899946e-02  6.855253e-02  6.855253e-02  6.855253e-02
-1.414185  6.932177e-02  6.932177e-02  6.932177e-02  6.887050e-02  6.887050e-02  6.887050e-02
-1.411884  6.964537e-02  6.964537e-02  6.964537e-02  6.918971e-02  6.918971e-02  6.918971e-02
-1.409583  6.997026e-02  6.997026e-02  6.997026e-02  6.951018e-02  6.951018e-02  6.951018e-02
-1.407282  7.029645e-02  7.029645e-02  7.029645e-02  6.983191e-02  6.983191e-02  6.983191e-02
-1.404981  7.062395e-02  7.062395e-02  7.062395e-02  7.015490e-02  7.015490e-02  7.015490e-02
-1.402680  7.095274e-02  7.095274e-02  7.095274e-02  7.047916e-02  7.047916e-02  7.047916e-02
-1.400379  7.128285e-02  7.128285e-02  7.128285e-02  7.080467e-02  7.080467e-02  7.080467e-02
-1.398078  7.161427e-02  7.161427e-02  7.161427e-02  7.113146e-02  7.113146e-02  7.113146e-02
-1.395777  7.194700e-02  7.194700e-02  7.194700e-02  7.145952e-02  7.145952e-02  7.145952e-02
-1.393476  7.228104e-02  7.228104e-02  7.228104e-02  7.178885e-02  7.178885e-02  7.178885e-02
-1.391175  7.261641e-02  7.261641e-02  7.261641e-02  7.211946e-02  7.211946e-02  7.211946e-02
-1.388874  7.295310e-02  7.295310e-02  7.295310e-02  7.245135e-02  7.245135e-02  7.245135e-02
-1.386573  7.329111e-02  7.329111e-02  7.329111e-02  7.278451e-02  7.278451e-02  7.278451e-02
-1.384272  7.363046e-02  7.363046e-02  7.363046e-02  7.311897e-02  7.311897e-02  7.311897e-02
-1.381971  7.397113e-02  7.397113e-02  7.397113e-02  7.345471e-02  7.345471e-02  7.345471e-02
-1.379670  7.431314e-02  7.431314e-02  7.431314e-02  7.379174e-02  7.379174e-02  7.379174e-02
-1.377369  7.465649e-02  7.465649e-02  7.465649e-02  7.413006e-02  7.413006e-02  7.413006e-02
-1.375068  7.500118e-02  7.500118e-02  7.500118e-02  7.446968e-02  7.446968e-02  7.446968e-02
-1.372767  7.534721e-02  7.534721e-02  7.534721e-02  7.481059e-02  7.481059e-02  7.481059e-02
-1.370466  7.569459e-02  7.569459e-02  7.569459e-02  7.515280e-02  7.515280e-02  7.515280e-02
-1.368165  7.604332e-02  7.604332e-02  7.604332e-02  7.549632e-02  7.549632e-02  7.549632e-02
-1.365864  7.639340e-02  7.639340e-02  7.639340e-02  7.584114e-02  7.584114e-02  7.584114e-02
-1.363563  7.674483e-02  7.674483e-02  7.674483e-02  7.618727e-02  7.618727e-02  7.618727e-02
-1.361262  7.709762e-02  7.709762e-02  7.709762e-02  7.653470e-02  7.653470e-02  7.653470e-02
-1.358961  7.745177e-02  7.745177e-02  7.745177e-02  7.688345e-02  7.688345e-02  7.688345e-02
-1.356660  7.780729e-02  7.780729e-02  7.780729e-02  7.723351e-02  7.723351e-02  7.723351e-02
-1.354359  7.816417e-02  7.816417e-02  7.816417e-02  7.758489e-02  7.758489e-02  7.758489e-02
-1.352058  7.852241e-02  7.852241e-02  7.852241e-02  7.793759e-02  7.793759e-02  7.793759e-02
-1.349757  7.888203e-02  7.888203e-02  7.888203e-02  7.829161e-02  7.829161e-02  7.829161e-02
-1.347456  7.924303e-02  7.924303e-02  7.924303e-02  7.864695e-02  7.864695e-02  7.864695e-02
-1.345154  7.960540e-02  7.960540e-02  7.960540e-02  7.900361e-02  7.900361e-02  7.900361e-02
-1.342853  7.996915e-02  7.996915e-02  7.996915e-02  7.936161e-02  7.936161e-02  7.936161e-02
-1.340552  8.033428e-02  8.033428e-02  8.033428e-02  7.972093e-02  7.972093e-02  7.972093e-02
-1.338251  8.070079e-02  8.070079e-02  8.070079e-02  8.008159e-02  8.008159e-02  8.008159e-02
-1.335950  8.106870e-02  8.106870e-02  8.106870e-02  8.044358e-02  8.044358e-02  8.044358e-02
-1.333649  8.143799e-02  8.143799e-02  8.143799e-02  8.080691e-02  8.080691e-02  8.080691e-02
-1.331348  8.180867e-02  8.180867e-02  8.180867e-02  8.117157e-02  8.117157e-02  8.117157e-02
-1.329047  8.218075e-02  8.218075e-02  8.218075e-02  8.153758e-02  8.153758e-02  8.153758e-02
-1.326746  8.255423e-02  8.255423e-02  8.255423e-02  8.190493e-02  8.190493e-02  8.190493e-02
-1.324445  8.292910e-02  8.292910e-02  8.292910e-02  8.227362e-02  8.227362e-02  8.227362e-02
-1.322144  8.330538e-02  8.330538e-02  8.330538e-02  8.264366e-02  8.264366e-02  8.264366e-02
-1.319843  8.368306e-02  8.368306e-02  8.368306e-02  8.301505e-02  8.301505e-02  8.301505e-02
-1.317542  8.406215e-02  8.406215e-02  8.406215e-02  8.338779e-02  8.338779e-02  8.338779e-02
-1.315241  8.444265e-02  8.444265e-02  8.444265e-02  8.376188e-02  8.376188e-02  8.376188e-02
-1.312940  8.482456e-02  8.482456e-02  8.482456e-02  8.413733e-02  8.413733e-02  8.413733e-02
-1.310639  8.520788e-02  8.520788e-02  8.520788e-02  8.451413e-02  8.451413e-02  8.451413e-02
-1.308338  8.559262e-02  8.559262e-02  8.559262e-02  8.489229e-02  8.489229e-02  8.489229e-02
-1.306037  8.597878e-02  8.597878e-02  8.597878e-02  8.527181e-02  8.527181e-02  8.527181e-02
-1.303736  8.636635e-02  8.636635e-02  8.636635e-02  8.565269e-02  8.565269e-02  8.565269e-02
-1.301435  8.675535e-02  8.675535e-02  8.675535e-02  8.603494e-02  8.603494e-02  8.603494e-02
-1.299134  8.714578e-02  8.714578e-02  8.714578e-02  8.641855e-02  8.641855e-02  8.641855e-02
-1.296833  8.753763e-02  8.753763e-02  8.753763e-02  8.680353e-02  8.680353e-02  8.680353e-02
-1.294532  8.793092e-02  8.793092e-02  8.793092e-02  8.718987e-02  8.718987e-02  8.718987e-02
-1.292231  8.832563e-02  8.832563e-02  8.832563e-02  8.757759e-02  8.757759e-02  8.757759e-02
-1.289930  8.872178e-02  8.872178e-02  8.872178e-02  8.796668e-02  8.796668e-02  8.796668e-02
-1.287629  8.911936e-02  8.911936e-02  8.911936e-02  8.835714e-02  8.835714e-02  8.835714e-02
-1.285328  8.951838e-02  8.951838e-02  8.951838e-02  8.874898e-02  8.874898e-02  8.874898e-02
-1.283027  8.991884e-02  8.991884e-02  8.991884e-02  8.914219e-02  8.914219e-02  8.914219e-02
-1.280726  9.032074e-02  9.032074e-02  9.032074e-02  8.953678e-02  8.953678e-02  8.953678e-02
-1.278425  9.072408e-02  9.072408e-02  9.072408e-02  8.993275e-02  8.993275e-02  8.993275e-02
-1.276124  9.112887e-02  9.112887e-02  9.112887e-02  9.033010e-02  9.033010e-02  9.033010e-02
-1.273823  9.153511e-02  9.153511e-02  9.153511e-02  9.072883e-02  9.072883e-02  9.072883e-02
-1.271522  9.194280e-02  9.194280e-02  9.194280e-02  9.112894e-02  9.112894e-02  9.112894e-02
-1.269221  9.235193e-02  9.235193e-02  9.235193e-02  9.153044e-02  9.153044e-02  9.153044e-02
-1.266919  9.276252e-02  9.276252e-02  9.276252e-02  9.193333e-02  9.193333e-02  9.193333e-02
-1.264618  9.317457e-02  9.317457e-02  9.317457e-02  9.233760e-02  9.233760e-02  9.233760e-02
-1.262317  9.358807e-02  9.358807e-02  9.358807e-02  9.274326e-02  9.274326e-02  9.274326e-02
-1.260016  9.400303e-02  9.400303e-02  9.400303e-02  9.315031e-02  9.315031e-02  9.315031e-02
-1.257715  9.441944e-02  9.441944e-02  9.441944e-02  9.355875e-02  9.355875e-02  9.355875e-02
-1.255414  9.483732e-02  9.483732e-02  9.483732e-02  9.396859e-02  9.396859e-02  9.396859e-02
-1.253113  9.525666e-02  9.525666e-02  9.525666e-02  9.437981e-02  9.437981e-02  9.437981e-02
-1.250812  9.567747e-02  9.567747e-02  9.567747e-02  9.479243e-02  9.479243e-02  9.479243e-02
-1.248511  9.609974e-02  9.609974e-02  9.609974e-02  9.520644e-02  9.520644e-02  9.520644e-02
-1.246210  9.652348e-02  9.652348e-02  9.652348e-02  9.562185e-02  9.562185e-02  9.562185e-02
-1.243909  9.694869e-02  9.694869e-02  9.694869e-02  9.603866e-02  9.603866e-02  9.603866e-02
-1.241608  9.737536e-02  9.737536e-02  9.737536e-02  9.645686e-02  9.645686e-02  9.645686e-02
-1.239307  9.780351e-02  9.780351e-02  9.780351e-02  9.687647e-02  9.687647e-02  9.687647e-02
-1.237006  9.823313e-02  9.823313e-02  9.823313e-02  9.729747e-02  9.729747e-02  9.729747e-02
-1.234705  9.866423e-02  9.866423e-02  9.866423e-02  9.771987e-02  9.771987e-02  9.771987e-02
-1.232404  9.909680e-02  9.909680e-02  9.909680e-02  9.814367e-02  9.814367e-02  9.814367e-02
-1.230103  9.953085e-02  9.953085e-02  9.953085e-02  9.856887e-02  9.856887e-02  9.856887e-02
-1.227802  9.996637e-02  9.996637e-02  9.996637e-02  9.899548e-02  9.899548e-02  9.899548e-02
-1.225501  1.004034e-01  1.004034e-01  1.004034e-01  9.942349e-02  9.942349e-02  9.942349e-02
-1.223200  1.008419e-01  1.008419e-01  1.008419e-01  9.985290e-02  9.985290e-02  9.985290e-02
-1.220899  1.012818e-01  1.012818e-01  1.012818e-01  1.002837e-01  1.002837e-01  1.002837e-01
-1.218598  1.017233e-01  1.017233e-01  1.017233e-01  1.007159e-01  1.007159e-01  1.007159e-01
-1.216297  1.021662e-01  1.021662e-01  1.021662e-01  1.011496e-01  1.011496e-01  1.011496e-01
-1.213996  1.026106e-01  1.026106e-01  1.026106e-01  1.015846e-01  1.015846e-01  1.015846e-01
-1.211695  1.030565e-01  1.030565e-01  1.030565e-01  1.020210e-01  1.020210e-01  1.020210e-01
-1.209394  1.035039e-01  1.035039e-01  1.035039e-01  1.024588e-01  1.024588e-01  1.024588e-01
-1.207093  1.039528e-01  1.039528e-01  1.039528e-01  1.028981e-01  1.028981e-01  1.028981e-01
-1.204792  1.044031e-01  1.044031e-01  1.044031e-01  1.033387e-01  1.033387e-01  1.033387e-01
-1.202491  1.048550e-01  1.048550e-01  1.048550e-01  1.037808e-01  1.037808e-01  1.037808e-01
-1.200190  1.053083e-01  1.053083e-01  1.053083e-01  1.042243e-01  1.042243e-01  1.042243e-01
-1.197889  1.057632e-01  1.057632e-01  1.057632e-01  1.046691e-01  1.046691e-01  1.046691e-01
-1.195588  1.062195e-01  1.062195e-01  1.062195e-01  1.051154e-01  1.051154e-01  1.051154e-01
-1.193287  1.066773e-01  1.066773e-01  1.066773e-01  1.055631e-01  1.055631e-01  1.055631e-01
-1.190985  1.071366e-01  1.071366e-01  1.071366e-01  1.060122e-01  1.060122e-01  1.060122e-01
-1.188684  1.075974e-01  1.075974e-01  1.075974e-01  1.064627e-01  1.064627e-01  1.064627e-01
-1.186383  1.080597e-01  1.080597e-01  1.080597e-01  1.069146e-01  1.069146e-01  1.069146e-01
-1.184082  1.085234e-01  1.085234e-01  1.085234e-01  1.073679e-01  1.073679e-01  1.073679e-01
-1.181781  1.089887e-01  1.089887e-01  1.089887e-01  1.078226e-01  1.078226e-01  1.078226e-01
-1.179480  1.094555e-01  1.094555e-01  1.094555e-01  1.082787e-01  1.082787e-01  1.082787e-01
-1.177179  1.099237e-01  1.099237e-01  1.099237e-01  1.087362e-01  1.087362e-01  1.087362e-01
-1.174878  1.103935e-01  1.103935e-01  1.103935e-01  1.091951e-01  1.091951e-01  1.091951e-01
-1.172577  1.108647e-01  1.108647e-01  1.108647e-01  1.096555e-01  1.096555e-01  1.096555e-01
-1.170276  1.113375e-01  1.113375e-01  1.113375e-01  1.101172e-01  1.101172e-01  1.101172e-01
-1.167975  1.118117e-01  1.118117e-01  1.118117e-01  1.105803e-01  1.105803e-01  1.105803e-01
-1.165674  1.122874e-01  1.122874e-01  1.122874e-01  1.110449e-01  1.110449e-01  1.110449e-01
-1.163373  1.127647e-01  1.127647e-01  1.127647e-01  1.115108e-01  1.115108e-01  1.115108e-01
-1.161072  1.132434e-01  1.132434e-01  1.132434e-01  1.119782e-01  1.119782e-01  1.119782e-01
-1.158771  1.137236e-01  1.137236e-01  1.137236e-01  1.124469e-01  1.124469e-01  1.124469e-01
-1.156470  1.142053e-01  1.142053e-01  1.142053e-01  1.129170e-01  1.129170e-01  1.129170e-01
-1.154169  1.146885e-01  1.146885e-01  1.146885e-01  1.133886e-01  1.133886e-01  1.133886e-01
-1.151868  1.151732e-01  1.151732e-01  1.151732e-01  1.138615e-01  1.138615e-01  1.138615e-01
-1.149567  1.156594e-01  1.156594e-01  1.156594e-01  1.143358e-01  1.143358e-01  1.143358e-01
-1.147266  1.161471e-01  1.161471e-01  1.161471e-01  1.148116e-01  1.148116e-01  1.148116e-01
-1.144965  1.166363e-01  1.166363e-01  1.166363e-01  1.152887e-01  1.152887e-01  1.152887e-01
-1.142664  1.171269e-01  1.171269e-01  1.171269e-01  1.157672e-01  1.157672e-01  1.157672e-01
-1.140363  1.176191e-01  1.176191e-01  1.176191e-01  1.162471e-01  1.162471e-01  1.162471e-01
-1.138062  1.181128e-01  1.181128e-01  1.181128e-01  1.167284e-01  1.167284e-01  1.167284e-01
-1.135761  1.186079e-01  1.186079e-01  1.186079e-01  1.172111e-01  1.172111e-01  1.172111e-01
-1.133460  1.191045e-01  1.191045e-01  1.191045e-01  1.176952e-01  1.176952e-01  1.176952e-01
-1.131159  1.196027e-01  1.196027e-01  1.196027e-01  1.181807e-01  1.181807e-01  1.181807e-01
-1.128858  1.201023e-01  1.201023e-01  1.201023e-01  1.186675e-01  1.186675e-01  1.186675e-01
-1.126557  1.206034e-01  1.206034e-01  1.206034e-01  1.191558e-01  1.191558e-01  1.191558e-01
-1.124256  1.211060e-01  1.211060e-01  1.211060e-01  1.196454e-01  1.196454e-01  1.196454e-01
-1.121955  1.216101e-01  1.216101e-01  1.216101e-01  1.201364e-01  1.201364e-01  1.201364e-01
-1.119654  1.221156e-01  1.221156e-01  1.221156e-01  1.206288e-01  1.206288e-01  1.206288e-01
-1.117353  1.226227e-01  1.226227e-01  1.226227e-01  1.211225e-01  1.211225e-01  1.211225e-01
-1.115051  1.231312e-01  1.231312e-01  1.231312e-01  1.216177e-01  1.216177e-01  1.216177e-01
-1.112750  1.236412e-01  1.236412e-01  1.236412e-01  1.221142e-01  1.221142e-01  1.221142e-01
-1.110449  1.241527e-01  1.241527e-01  1.241527e-01  1.226121e-01  1.226121e-01  1.226121e-01
-1.108148  1.246657e-01  1.246657e-01  1.246657e-01  1.231113e-01  1.231113e-01  1.231113e-01
-1.105847  1.251801e-01  1.251801e-01  1.251801e-01  1.236120e-01  1.236120e-01  1.236120e-01
-1.103546  1.256960e-01  1.256960e-01  1.256960e-01  1.241140e-01  1.241140e-01  1.241140e-01
-1.101245  1.262135e-01  1.262135e-01  1.262135e-01  1.246173e-01  1.246173e-01  1.246173e-01
-1.098944  1.267323e-01  1.267323e-01  1.267323e-01  1.251220e-01  1.251220e-01  1.251220e-01
-1.096643  1.272527e-01  1.272527e-01  1.272527e-01  1.256281e-01  1.256281e-01  1.256281e-01
-1.094342  1.277745e-01  1.277745e-01  1.277745e-01  1.261355e-01  1.261355e-01  1.261355e-01
-1.092041  1.282978e-01  1.282978e-01  1.282978e-01  1.266443e-01  1.266443e-01  1.266443e-01
-1.089740  1.288226e-01  1.288226e-01  1.288226e-01  1.271545e-01  1.271545e-01  1.271545e-01
-1.087439  1.293488e-01  1.293488e-01  1.293488e-01  1.276660e-01  1.276660e-01  1.276660e-01
-1.085138  1.298765e-01  1.298765e-01  1.298765e-01  1.281788e-01  1.281788e-01  1.281788e-01
-1.082837  1.304056e-01  1.304056e-01  1.304056e-01  1.286930e-01  1.286930e-01  1.286930e-01
-1.080536  1.309362e-01  1.309362e-01  1.309362e-01  1.292085e-01  1.292085e-01  1.292085e-01
-1.078235  1.314683e-01  1.314683e-01  1.314683e-01  1.297254e-01  1.297254e-01  1.297254e-01
-1.075934  1.320018e-01  1.320018e-01  1.320018e-01  1.302436e-01  1.302436e-01  1.302436e-01
-1.073633  1.325368e-01  1.325368e-01  1.325368e-01  1.307631e-01  1.307631e-01  1.307631e-01
-1.071332  1.330733e-01  1.330733e-01  1.330733e-01  1.312840e-01  1.312840e-01  1.312840e-01
-1.069031  1.336111e-01  1.336111e-01  1.336111e-01  1.318062e-01  1.318062e-01  1.318062e-01
-1.066730  1.341505e-01  1.341505e-01  1.341505e-01  1.323297e-01  1.323297e-01  1.323297e-01
-1.064429  1.346913e-01  1.346913e-01  1.346913e-01  1.328546e-01  1.328546e-01  1.328546e-01
-1.062128  1.352335e-01  1.352335e-01  1.352335e-01  1.333808e-01  1.333808e-01  1.333808e-01
-1.059827  1.357771e-01  1.357771e-01  1.357771e-01  1.339082e-01  1.339082e-01  1.339082e-01
-1.057526  1.363222e-01  1.363222e-01  1.363222e-01  1.344370e-01  1.344370e-01  1.344370e-01
-1.055225  1.368688e-01  1.368688e-01  1.368688e-01  1.349671e-01  1.349671e-01  1.349671e-01
-1.052924  1.374167e-01  1.374167e-01  1.374167e-01  1.354986e-01  1.354986e-01  1.354986e-01
-1.050623  1.379661e-01  1.379661e-01  1.379661e-01  1.360313e-01  1.360313e-01  1.360313e-01
-1.048322  1.385170e-01  1.385170e-01  1.385170e-01  1.365653e-01  1.365653e-01  1.365653e-01
-1.046021  1.390692e-01  1.390692e-01  1.390692e-01  1.371006e-01  1.371006e-01  1.371006e-01
-1.043720  1.396229e-01  1.396229e-01  1.396229e-01  1.376372e-01  1.376372e-01  1.376372e-01
-1.041419  1.401780e-01  1.401780e-01  1.401780e-01  1.381751e-01  1.381751e-01  1.381751e-01
-1.039118  1.407345e-01  1.407345e-01  1.407345e-01  1.387142e-01  1.387142e-01  1.387142e-01
-1.036816  1.412924e-01  1.412924e-01  1.412924e-01  1.392547e-01  1.392547e-01  1.392547e-01
-1.034515  1.418517e-01  1.418517e-01  1.418517e-01  1.397964e-01  1.397964e-01  1.397964e-01
-1.032214  1.424125e-01  1.424125e-01  1.424125e-01  1.403394e-01  1.403394e-01  1.403394e-01
-1.029913  1.429746e-01  1.429746e-01  1.429746e-01  1.408837e-01  1.408837e-01  1.408837e-01
-1.027612  1.435381e-01  1.435381e-01  1.435381e-01  1.414292e-01  1.414292e-01  1.414292e-01
-1.025311  1.441031e-01  1.441031e-01  1.441031e-01  1.419760e-01  1.419760e-01  1.419760e-01
-1.023010  1.446694e-01  1.446694e-01  1.446694e-01  1.425240e-01  1.425240e-01  1.425240e-01
-1.020709  1.452371e-01  1.452371e-01  1.452371e-01  1.430733e-01  1.430733e-01  1.430733e-01
-1.018408  1.458062e-01  1.458062e-01  1.458062e-01  1.436239e-01  1.436239e-01  1.436239e-01
-1.016107  1.463767e-01  1.463767e-01  1.463767e-01  1.441757e-01  1.441757e-01  1.441757e-01
-1.013806  1.469486e-01  1.469486e-01  1.469486e-01  1.447287e-01  1.447287e-01  1.447287e-01
-1.011505  1.475218e-01  1.475218e-01  1.475218e-01  1.452829e-01  1.452829e-01  1.452829e-01
-1.009204  1.480964e-01  1.480964e-01  1.480964e-01  1.458384e-01  1.458384e-01  1.458384e-01
-1.006903  1.486724e-01  1.486724e-01  1.486724e-01  1.463951e-01  1.463951e-01  1.463951e-01
-1.004602  1.492497e-01  1.492497e-01  1.492497e-01  1.469530e-01  1.469530e-01  1.469530e-01
-1.002301  1.498284e-01  1.498284e-01  1.498284e-01  1.475122e-01  1.475122e-01  1.475122e-01
-1.000000  1.504084e-01  1.504084e-01  1.504084e-01  1.480725e-01  1.480725e-01  1.480725e-01
