# Generic CC cross section for A=40 Z=18 Q=4.3 (10^-38 cm^2/GeV) #
# Be aware, these are approximate, accuracy is not guaranteed! #
# log(energy in GeV)  nu_e      nu_mu      nu_tau      nu_e_bar      nu_mu_bar    nu_tau_bar #
-3.698970  0.000000  0.000000  0.000000  0.000000  0.000000  0.000000
-3.696271  0.000000  0.000000  0.000000  0.000000  0.000000  0.000000
-3.693572  0.000000  0.000000  0.000000  0.000000  0.000000  0.000000
-3.690873  0.000000  0.000000  0.000000  0.000000  0.000000  0.000000
-3.688174  0.000000  0.000000  0.000000  0.000000  0.000000  0.000000
-3.685475  0.000000  0.000000  0.000000  0.000000  0.000000  0.000000
-3.682776  0.000000  0.000000  0.000000  0.000000  0.000000  0.000000
-3.680077  0.000000  0.000000  0.000000  0.000000  0.000000  0.000000
-3.677378  0.000000  0.000000  0.000000  0.000000  0.000000  0.000000
-3.674679  0.000000  0.000000  0.000000  0.000000  0.000000  0.000000
-3.671980  0.000000  0.000000  0.000000  0.000000  0.000000  0.000000
-3.669281  0.000000  0.000000  0.000000  0.000000  0.000000  0.000000
-3.666582  0.000000  0.000000  0.000000  0.000000  0.000000  0.000000
-3.663883  0.000000  0.000000  0.000000  0.000000  0.000000  0.000000
-3.661184  0.000000  0.000000  0.000000  0.000000  0.000000  0.000000
-3.658485  0.000000  0.000000  0.000000  0.000000  0.000000  0.000000
-3.655786  0.000000  0.000000  0.000000  0.000000  0.000000  0.000000
-3.653088  0.000000  0.000000  0.000000  0.000000  0.000000  0.000000
-3.650389  0.000000  0.000000  0.000000  0.000000  0.000000  0.000000
-3.647690  0.000000  0.000000  0.000000  0.000000  0.000000  0.000000
-3.644991  0.000000  0.000000  0.000000  0.000000  0.000000  0.000000
-3.642292  0.000000  0.000000  0.000000  0.000000  0.000000  0.000000
-3.639593  0.000000  0.000000  0.000000  0.000000  0.000000  0.000000
-3.636894  0.000000  0.000000  0.000000  0.000000  0.000000  0.000000
-3.634195  0.000000  0.000000  0.000000  0.000000  0.000000  0.000000
-3.631496  0.000000  0.000000  0.000000  0.000000  0.000000  0.000000
-3.628797  0.000000  0.000000  0.000000  0.000000  0.000000  0.000000
-3.626098  0.000000  0.000000  0.000000  0.000000  0.000000  0.000000
-3.623399  0.000000  0.000000  0.000000  0.000000  0.000000  0.000000
-3.620700  0.000000  0.000000  0.000000  0.000000  0.000000  0.000000
-3.618001  0.000000  0.000000  0.000000  0.000000  0.000000  0.000000
-3.615302  0.000000  0.000000  0.000000  0.000000  0.000000  0.000000
-3.612603  0.000000  0.000000  0.000000  0.000000  0.000000  0.000000
-3.609904  0.000000  0.000000  0.000000  0.000000  0.000000  0.000000
-3.607205  0.000000  0.000000  0.000000  0.000000  0.000000  0.000000
-3.604506  0.000000  0.000000  0.000000  0.000000  0.000000  0.000000
-3.601807  0.000000  0.000000  0.000000  0.000000  0.000000  0.000000
-3.599108  0.000000  0.000000  0.000000  0.000000  0.000000  0.000000
-3.596409  0.000000  0.000000  0.000000  0.000000  0.000000  0.000000
-3.593710  0.000000  0.000000  0.000000  0.000000  0.000000  0.000000
-3.591011  0.000000  0.000000  0.000000  0.000000  0.000000  0.000000
-3.588312  0.000000  0.000000  0.000000  0.000000  0.000000  0.000000
-3.585613  0.000000  0.000000  0.000000  0.000000  0.000000  0.000000
-3.582914  0.000000  0.000000  0.000000  0.000000  0.000000  0.000000
-3.580215  0.000000  0.000000  0.000000  0.000000  0.000000  0.000000
-3.577516  0.000000  0.000000  0.000000  0.000000  0.000000  0.000000
-3.574817  0.000000  0.000000  0.000000  0.000000  0.000000  0.000000
-3.572118  0.000000  0.000000  0.000000  0.000000  0.000000  0.000000
-3.569419  0.000000  0.000000  0.000000  0.000000  0.000000  0.000000
-3.566720  0.000000  0.000000  0.000000  0.000000  0.000000  0.000000
-3.564022  0.000000  0.000000  0.000000  0.000000  0.000000  0.000000
-3.561323  0.000000  0.000000  0.000000  0.000000  0.000000  0.000000
-3.558624  0.000000  0.000000  0.000000  0.000000  0.000000  0.000000
-3.555925  0.000000  0.000000  0.000000  0.000000  0.000000  0.000000
-3.553226  0.000000  0.000000  0.000000  0.000000  0.000000  0.000000
-3.550527  0.000000  0.000000  0.000000  0.000000  0.000000  0.000000
-3.547828  0.000000  0.000000  0.000000  0.000000  0.000000  0.000000
-3.545129  0.000000  0.000000  0.000000  0.000000  0.000000  0.000000
-3.542430  0.000000  0.000000  0.000000  0.000000  0.000000  0.000000
-3.539731  0.000000  0.000000  0.000000  0.000000  0.000000  0.000000
-3.537032  0.000000  0.000000  0.000000  0.000000  0.000000  0.000000
-3.534333  0.000000  0.000000  0.000000  0.000000  0.000000  0.000000
-3.531634  0.000000  0.000000  0.000000  0.000000  0.000000  0.000000
-3.528935  0.000000  0.000000  0.000000  0.000000  0.000000  0.000000
-3.526236  0.000000  0.000000  0.000000  0.000000  0.000000  0.000000
-3.523537  0.000000  0.000000  0.000000  0.000000  0.000000  0.000000
-3.520838  0.000000  0.000000  0.000000  0.000000  0.000000  0.000000
-3.518139  0.000000  0.000000  0.000000  0.000000  0.000000  0.000000
-3.515440  0.000000  0.000000  0.000000  0.000000  0.000000  0.000000
-3.512741  0.000000  0.000000  0.000000  0.000000  0.000000  0.000000
-3.510042  0.000000  0.000000  0.000000  0.000000  0.000000  0.000000
-3.507343  0.000000  0.000000  0.000000  0.000000  0.000000  0.000000
-3.504644  0.000000  0.000000  0.000000  0.000000  0.000000  0.000000
-3.501945  0.000000  0.000000  0.000000  0.000000  0.000000  0.000000
-3.499246  0.000000  0.000000  0.000000  0.000000  0.000000  0.000000
-3.496547  0.000000  0.000000  0.000000  0.000000  0.000000  0.000000
-3.493848  0.000000  0.000000  0.000000  0.000000  0.000000  0.000000
-3.491149  0.000000  0.000000  0.000000  0.000000  0.000000  0.000000
-3.488450  0.000000  0.000000  0.000000  0.000000  0.000000  0.000000
-3.485751  0.000000  0.000000  0.000000  0.000000  0.000000  0.000000
-3.483052  0.000000  0.000000  0.000000  0.000000  0.000000  0.000000
-3.480353  0.000000  0.000000  0.000000  0.000000  0.000000  0.000000
-3.477654  0.000000  0.000000  0.000000  0.000000  0.000000  0.000000
-3.474955  0.000000  0.000000  0.000000  0.000000  0.000000  0.000000
-3.472257  0.000000  0.000000  0.000000  0.000000  0.000000  0.000000
-3.469558  0.000000  0.000000  0.000000  0.000000  0.000000  0.000000
-3.466859  0.000000  0.000000  0.000000  0.000000  0.000000  0.000000
-3.464160  0.000000  0.000000  0.000000  0.000000  0.000000  0.000000
-3.461461  0.000000  0.000000  0.000000  0.000000  0.000000  0.000000
-3.458762  0.000000  0.000000  0.000000  0.000000  0.000000  0.000000
-3.456063  0.000000  0.000000  0.000000  0.000000  0.000000  0.000000
-3.453364  0.000000  0.000000  0.000000  0.000000  0.000000  0.000000
-3.450665  0.000000  0.000000  0.000000  0.000000  0.000000  0.000000
-3.447966  0.000000  0.000000  0.000000  0.000000  0.000000  0.000000
-3.445267  0.000000  0.000000  0.000000  0.000000  0.000000  0.000000
-3.442568  0.000000  0.000000  0.000000  0.000000  0.000000  0.000000
-3.439869  0.000000  0.000000  0.000000  0.000000  0.000000  0.000000
-3.437170  0.000000  0.000000  0.000000  0.000000  0.000000  0.000000
-3.434471  0.000000  0.000000  0.000000  0.000000  0.000000  0.000000
-3.431772  0.000000  0.000000  0.000000  0.000000  0.000000  0.000000
-3.429073  0.000000  0.000000  0.000000  0.000000  0.000000  0.000000
-3.426374  0.000000  0.000000  0.000000  0.000000  0.000000  0.000000
-3.423675  0.000000  0.000000  0.000000  0.000000  0.000000  0.000000
-3.420976  0.000000  0.000000  0.000000  0.000000  0.000000  0.000000
-3.418277  0.000000  0.000000  0.000000  0.000000  0.000000  0.000000
-3.415578  0.000000  0.000000  0.000000  0.000000  0.000000  0.000000
-3.412879  0.000000  0.000000  0.000000  0.000000  0.000000  0.000000
-3.410180  0.000000  0.000000  0.000000  0.000000  0.000000  0.000000
-3.407481  0.000000  0.000000  0.000000  0.000000  0.000000  0.000000
-3.404782  0.000000  0.000000  0.000000  0.000000  0.000000  0.000000
-3.402083  0.000000  0.000000  0.000000  0.000000  0.000000  0.000000
-3.399384  0.000000  0.000000  0.000000  0.000000  0.000000  0.000000
-3.396685  0.000000  0.000000  0.000000  0.000000  0.000000  0.000000
-3.393986  0.000000  0.000000  0.000000  0.000000  0.000000  0.000000
-3.391287  0.000000  0.000000  0.000000  0.000000  0.000000  0.000000
-3.388588  0.000000  0.000000  0.000000  0.000000  0.000000  0.000000
-3.385889  0.000000  0.000000  0.000000  0.000000  0.000000  0.000000
-3.383191  0.000000  0.000000  0.000000  0.000000  0.000000  0.000000
-3.380492  0.000000  0.000000  0.000000  0.000000  0.000000  0.000000
-3.377793  0.000000  0.000000  0.000000  0.000000  0.000000  0.000000
-3.375094  0.000000  0.000000  0.000000  0.000000  0.000000  0.000000
-3.372395  0.000000  0.000000  0.000000  0.000000  0.000000  0.000000
-3.369696  0.000000  0.000000  0.000000  0.000000  0.000000  0.000000
-3.366997  0.000000  0.000000  0.000000  0.000000  0.000000  0.000000
-3.364298  0.000000  0.000000  0.000000  0.000000  0.000000  0.000000
-3.361599  0.000000  0.000000  0.000000  0.000000  0.000000  0.000000
-3.358900  0.000000  0.000000  0.000000  0.000000  0.000000  0.000000
-3.356201  0.000000  0.000000  0.000000  0.000000  0.000000  0.000000
-3.353502  0.000000  0.000000  0.000000  0.000000  0.000000  0.000000
-3.350803  0.000000  0.000000  0.000000  0.000000  0.000000  0.000000
-3.348104  0.000000  0.000000  0.000000  0.000000  0.000000  0.000000
-3.345405  0.000000  0.000000  0.000000  0.000000  0.000000  0.000000
-3.342706  0.000000  0.000000  0.000000  0.000000  0.000000  0.000000
-3.340007  0.000000  0.000000  0.000000  0.000000  0.000000  0.000000
-3.337308  0.000000  0.000000  0.000000  0.000000  0.000000  0.000000
-3.334609  0.000000  0.000000  0.000000  0.000000  0.000000  0.000000
-3.331910  0.000000  0.000000  0.000000  0.000000  0.000000  0.000000
-3.329211  0.000000  0.000000  0.000000  0.000000  0.000000  0.000000
-3.326512  0.000000  0.000000  0.000000  0.000000  0.000000  0.000000
-3.323813  0.000000  0.000000  0.000000  0.000000  0.000000  0.000000
-3.321114  0.000000  0.000000  0.000000  0.000000  0.000000  0.000000
-3.318415  0.000000  0.000000  0.000000  0.000000  0.000000  0.000000
-3.315716  0.000000  0.000000  0.000000  0.000000  0.000000  0.000000
-3.313017  0.000000  0.000000  0.000000  0.000000  0.000000  0.000000
-3.310318  0.000000  0.000000  0.000000  0.000000  0.000000  0.000000
-3.307619  0.000000  0.000000  0.000000  0.000000  0.000000  0.000000
-3.304920  0.000000  0.000000  0.000000  0.000000  0.000000  0.000000
-3.302221  0.000000  0.000000  0.000000  0.000000  0.000000  0.000000
-3.299522  0.000000  0.000000  0.000000  0.000000  0.000000  0.000000
-3.296823  0.000000  0.000000  0.000000  0.000000  0.000000  0.000000
-3.294125  0.000000  0.000000  0.000000  0.000000  0.000000  0.000000
-3.291426  0.000000  0.000000  0.000000  0.000000  0.000000  0.000000
-3.288727  0.000000  0.000000  0.000000  0.000000  0.000000  0.000000
-3.286028  0.000000  0.000000  0.000000  0.000000  0.000000  0.000000
-3.283329  0.000000  0.000000  0.000000  0.000000  0.000000  0.000000
-3.280630  0.000000  0.000000  0.000000  0.000000  0.000000  0.000000
-3.277931  0.000000  0.000000  0.000000  0.000000  0.000000  0.000000
-3.275232  0.000000  0.000000  0.000000  0.000000  0.000000  0.000000
-3.272533  0.000000  0.000000  0.000000  0.000000  0.000000  0.000000
-3.269834  0.000000  0.000000  0.000000  0.000000  0.000000  0.000000
-3.267135  0.000000  0.000000  0.000000  0.000000  0.000000  0.000000
-3.264436  0.000000  0.000000  0.000000  0.000000  0.000000  0.000000
-3.261737  0.000000  0.000000  0.000000  0.000000  0.000000  0.000000
-3.259038  0.000000  0.000000  0.000000  0.000000  0.000000  0.000000
-3.256339  0.000000  0.000000  0.000000  0.000000  0.000000  0.000000
-3.253640  0.000000  0.000000  0.000000  0.000000  0.000000  0.000000
-3.250941  0.000000  0.000000  0.000000  0.000000  0.000000  0.000000
-3.248242  0.000000  0.000000  0.000000  0.000000  0.000000  0.000000
-3.245543  0.000000  0.000000  0.000000  0.000000  0.000000  0.000000
-3.242844  0.000000  0.000000  0.000000  0.000000  0.000000  0.000000
-3.240145  0.000000  0.000000  0.000000  0.000000  0.000000  0.000000
-3.237446  0.000000  0.000000  0.000000  0.000000  0.000000  0.000000
-3.234747  0.000000  0.000000  0.000000  0.000000  0.000000  0.000000
-3.232048  0.000000  0.000000  0.000000  0.000000  0.000000  0.000000
-3.229349  0.000000  0.000000  0.000000  0.000000  0.000000  0.000000
-3.226650  0.000000  0.000000  0.000000  0.000000  0.000000  0.000000
-3.223951  0.000000  0.000000  0.000000  0.000000  0.000000  0.000000
-3.221252  0.000000  0.000000  0.000000  0.000000  0.000000  0.000000
-3.218553  0.000000  0.000000  0.000000  0.000000  0.000000  0.000000
-3.215854  0.000000  0.000000  0.000000  0.000000  0.000000  0.000000
-3.213155  0.000000  0.000000  0.000000  0.000000  0.000000  0.000000
-3.210456  0.000000  0.000000  0.000000  0.000000  0.000000  0.000000
-3.207757  0.000000  0.000000  0.000000  0.000000  0.000000  0.000000
-3.205058  0.000000  0.000000  0.000000  0.000000  0.000000  0.000000
-3.202360  0.000000  0.000000  0.000000  0.000000  0.000000  0.000000
-3.199661  0.000000  0.000000  0.000000  0.000000  0.000000  0.000000
-3.196962  0.000000  0.000000  0.000000  0.000000  0.000000  0.000000
-3.194263  0.000000  0.000000  0.000000  0.000000  0.000000  0.000000
-3.191564  0.000000  0.000000  0.000000  0.000000  0.000000  0.000000
-3.188865  0.000000  0.000000  0.000000  0.000000  0.000000  0.000000
-3.186166  0.000000  0.000000  0.000000  0.000000  0.000000  0.000000
-3.183467  0.000000  0.000000  0.000000  0.000000  0.000000  0.000000
-3.180768  0.000000  0.000000  0.000000  0.000000  0.000000  0.000000
-3.178069  0.000000  0.000000  0.000000  0.000000  0.000000  0.000000
-3.175370  0.000000  0.000000  0.000000  0.000000  0.000000  0.000000
-3.172671  0.000000  0.000000  0.000000  0.000000  0.000000  0.000000
-3.169972  0.000000  0.000000  0.000000  0.000000  0.000000  0.000000
-3.167273  0.000000  0.000000  0.000000  0.000000  0.000000  0.000000
-3.164574  0.000000  0.000000  0.000000  0.000000  0.000000  0.000000
-3.161875  0.000000  0.000000  0.000000  0.000000  0.000000  0.000000
-3.159176  0.000000  0.000000  0.000000  0.000000  0.000000  0.000000
-3.156477  0.000000  0.000000  0.000000  0.000000  0.000000  0.000000
-3.153778  0.000000  0.000000  0.000000  0.000000  0.000000  0.000000
-3.151079  0.000000  0.000000  0.000000  0.000000  0.000000  0.000000
-3.148380  0.000000  0.000000  0.000000  0.000000  0.000000  0.000000
-3.145681  0.000000  0.000000  0.000000  0.000000  0.000000  0.000000
-3.142982  0.000000  0.000000  0.000000  0.000000  0.000000  0.000000
-3.140283  0.000000  0.000000  0.000000  0.000000  0.000000  0.000000
-3.137584  0.000000  0.000000  0.000000  0.000000  0.000000  0.000000
-3.134885  0.000000  0.000000  0.000000  0.000000  0.000000  0.000000
-3.132186  0.000000  0.000000  0.000000  0.000000  0.000000  0.000000
-3.129487  0.000000  0.000000  0.000000  0.000000  0.000000  0.000000
-3.126788  0.000000  0.000000  0.000000  0.000000  0.000000  0.000000
-3.124089  0.000000  0.000000  0.000000  0.000000  0.000000  0.000000
-3.121390  0.000000  0.000000  0.000000  0.000000  0.000000  0.000000
-3.118691  0.000000  0.000000  0.000000  0.000000  0.000000  0.000000
-3.115992  0.000000  0.000000  0.000000  0.000000  0.000000  0.000000
-3.113294  0.000000  0.000000  0.000000  0.000000  0.000000  0.000000
-3.110595  0.000000  0.000000  0.000000  0.000000  0.000000  0.000000
-3.107896  0.000000  0.000000  0.000000  0.000000  0.000000  0.000000
-3.105197  0.000000  0.000000  0.000000  0.000000  0.000000  0.000000
-3.102498  0.000000  0.000000  0.000000  0.000000  0.000000  0.000000
-3.099799  0.000000  0.000000  0.000000  0.000000  0.000000  0.000000
-3.097100  0.000000  0.000000  0.000000  0.000000  0.000000  0.000000
-3.094401  0.000000  0.000000  0.000000  0.000000  0.000000  0.000000
-3.091702  0.000000  0.000000  0.000000  0.000000  0.000000  0.000000
-3.089003  0.000000  0.000000  0.000000  0.000000  0.000000  0.000000
-3.086304  0.000000  0.000000  0.000000  0.000000  0.000000  0.000000
-3.083605  0.000000  0.000000  0.000000  0.000000  0.000000  0.000000
-3.080906  0.000000  0.000000  0.000000  0.000000  0.000000  0.000000
-3.078207  0.000000  0.000000  0.000000  0.000000  0.000000  0.000000
-3.075508  0.000000  0.000000  0.000000  0.000000  0.000000  0.000000
-3.072809  0.000000  0.000000  0.000000  0.000000  0.000000  0.000000
-3.070110  0.000000  0.000000  0.000000  0.000000  0.000000  0.000000
-3.067411  0.000000  0.000000  0.000000  0.000000  0.000000  0.000000
-3.064712  0.000000  0.000000  0.000000  0.000000  0.000000  0.000000
-3.062013  0.000000  0.000000  0.000000  0.000000  0.000000  0.000000
-3.059314  0.000000  0.000000  0.000000  0.000000  0.000000  0.000000
-3.056615  0.000000  0.000000  0.000000  0.000000  0.000000  0.000000
-3.053916  0.000000  0.000000  0.000000  0.000000  0.000000  0.000000
-3.051217  0.000000  0.000000  0.000000  0.000000  0.000000  0.000000
-3.048518  0.000000  0.000000  0.000000  0.000000  0.000000  0.000000
-3.045819  0.000000  0.000000  0.000000  0.000000  0.000000  0.000000
-3.043120  0.000000  0.000000  0.000000  0.000000  0.000000  0.000000
-3.040421  0.000000  0.000000  0.000000  0.000000  0.000000  0.000000
-3.037722  0.000000  0.000000  0.000000  0.000000  0.000000  0.000000
-3.035023  0.000000  0.000000  0.000000  0.000000  0.000000  0.000000
-3.032324  0.000000  0.000000  0.000000  0.000000  0.000000  0.000000
-3.029625  0.000000  0.000000  0.000000  0.000000  0.000000  0.000000
-3.026926  0.000000  0.000000  0.000000  0.000000  0.000000  0.000000
-3.024228  0.000000  0.000000  0.000000  0.000000  0.000000  0.000000
-3.021529  0.000000  0.000000  0.000000  0.000000  0.000000  0.000000
-3.018830  0.000000  0.000000  0.000000  0.000000  0.000000  0.000000
-3.016131  0.000000  0.000000  0.000000  0.000000  0.000000  0.000000
-3.013432  0.000000  0.000000  0.000000  0.000000  0.000000  0.000000
-3.010733  0.000000  0.000000  0.000000  0.000000  0.000000  0.000000
-3.008034  0.000000  0.000000  0.000000  0.000000  0.000000  0.000000
-3.005335  0.000000  0.000000  0.000000  0.000000  0.000000  0.000000
-3.002636  0.000000  0.000000  0.000000  0.000000  0.000000  0.000000
-2.999937  0.000000  0.000000  0.000000  0.000000  0.000000  0.000000
-2.997238  0.000000  0.000000  0.000000  0.000000  0.000000  0.000000
-2.994539  0.000000  0.000000  0.000000  0.000000  0.000000  0.000000
-2.991840  0.000000  0.000000  0.000000  0.000000  0.000000  0.000000
-2.989141  0.000000  0.000000  0.000000  0.000000  0.000000  0.000000
-2.986442  0.000000  0.000000  0.000000  0.000000  0.000000  0.000000
-2.983743  0.000000  0.000000  0.000000  0.000000  0.000000  0.000000
-2.981044  0.000000  0.000000  0.000000  0.000000  0.000000  0.000000
-2.978345  0.000000  0.000000  0.000000  0.000000  0.000000  0.000000
-2.975646  0.000000  0.000000  0.000000  0.000000  0.000000  0.000000
-2.972947  0.000000  0.000000  0.000000  0.000000  0.000000  0.000000
-2.970248  0.000000  0.000000  0.000000  0.000000  0.000000  0.000000
-2.967549  0.000000  0.000000  0.000000  0.000000  0.000000  0.000000
-2.964850  0.000000  0.000000  0.000000  0.000000  0.000000  0.000000
-2.962151  0.000000  0.000000  0.000000  0.000000  0.000000  0.000000
-2.959452  0.000000  0.000000  0.000000  0.000000  0.000000  0.000000
-2.956753  0.000000  0.000000  0.000000  0.000000  0.000000  0.000000
-2.954054  0.000000  0.000000  0.000000  0.000000  0.000000  0.000000
-2.951355  0.000000  0.000000  0.000000  0.000000  0.000000  0.000000
-2.948656  0.000000  0.000000  0.000000  0.000000  0.000000  0.000000
-2.945957  0.000000  0.000000  0.000000  0.000000  0.000000  0.000000
-2.943258  0.000000  0.000000  0.000000  0.000000  0.000000  0.000000
-2.940559  0.000000  0.000000  0.000000  0.000000  0.000000  0.000000
-2.937860  0.000000  0.000000  0.000000  0.000000  0.000000  0.000000
-2.935161  0.000000  0.000000  0.000000  0.000000  0.000000  0.000000
-2.932463  0.000000  0.000000  0.000000  0.000000  0.000000  0.000000
-2.929764  0.000000  0.000000  0.000000  0.000000  0.000000  0.000000
-2.927065  0.000000  0.000000  0.000000  0.000000  0.000000  0.000000
-2.924366  0.000000  0.000000  0.000000  0.000000  0.000000  0.000000
-2.921667  0.000000  0.000000  0.000000  0.000000  0.000000  0.000000
-2.918968  0.000000  0.000000  0.000000  0.000000  0.000000  0.000000
-2.916269  0.000000  0.000000  0.000000  0.000000  0.000000  0.000000
-2.913570  0.000000  0.000000  0.000000  0.000000  0.000000  0.000000
-2.910871  0.000000  0.000000  0.000000  0.000000  0.000000  0.000000
-2.908172  0.000000  0.000000  0.000000  0.000000  0.000000  0.000000
-2.905473  0.000000  0.000000  0.000000  0.000000  0.000000  0.000000
-2.902774  0.000000  0.000000  0.000000  0.000000  0.000000  0.000000
-2.900075  0.000000  0.000000  0.000000  0.000000  0.000000  0.000000
-2.897376  0.000000  0.000000  0.000000  0.000000  0.000000  0.000000
-2.894677  0.000000  0.000000  0.000000  0.000000  0.000000  0.000000
-2.891978  0.000000  0.000000  0.000000  0.000000  0.000000  0.000000
-2.889279  0.000000  0.000000  0.000000  0.000000  0.000000  0.000000
-2.886580  0.000000  0.000000  0.000000  0.000000  0.000000  0.000000
-2.883881  0.000000  0.000000  0.000000  0.000000  0.000000  0.000000
-2.881182  0.000000  0.000000  0.000000  0.000000  0.000000  0.000000
-2.878483  0.000000  0.000000  0.000000  0.000000  0.000000  0.000000
-2.875784  0.000000  0.000000  0.000000  0.000000  0.000000  0.000000
-2.873085  0.000000  0.000000  0.000000  0.000000  0.000000  0.000000
-2.870386  0.000000  0.000000  0.000000  0.000000  0.000000  0.000000
-2.867687  0.000000  0.000000  0.000000  0.000000  0.000000  0.000000
-2.864988  0.000000  0.000000  0.000000  0.000000  0.000000  0.000000
-2.862289  0.000000  0.000000  0.000000  0.000000  0.000000  0.000000
-2.859590  0.000000  0.000000  0.000000  0.000000  0.000000  0.000000
-2.856891  0.000000  0.000000  0.000000  0.000000  0.000000  0.000000
-2.854192  0.000000  0.000000  0.000000  0.000000  0.000000  0.000000
-2.851493  0.000000  0.000000  0.000000  0.000000  0.000000  0.000000
-2.848794  0.000000  0.000000  0.000000  0.000000  0.000000  0.000000
-2.846095  0.000000  0.000000  0.000000  0.000000  0.000000  0.000000
-2.843397  0.000000  0.000000  0.000000  0.000000  0.000000  0.000000
-2.840698  0.000000  0.000000  0.000000  0.000000  0.000000  0.000000
-2.837999  0.000000  0.000000  0.000000  0.000000  0.000000  0.000000
-2.835300  0.000000  0.000000  0.000000  0.000000  0.000000  0.000000
-2.832601  0.000000  0.000000  0.000000  0.000000  0.000000  0.000000
-2.829902  0.000000  0.000000  0.000000  0.000000  0.000000  0.000000
-2.827203  0.000000  0.000000  0.000000  0.000000  0.000000  0.000000
-2.824504  0.000000  0.000000  0.000000  0.000000  0.000000  0.000000
-2.821805  0.000000  0.000000  0.000000  0.000000  0.000000  0.000000
-2.819106  0.000000  0.000000  0.000000  0.000000  0.000000  0.000000
-2.816407  0.000000  0.000000  0.000000  0.000000  0.000000  0.000000
-2.813708  0.000000  0.000000  0.000000  0.000000  0.000000  0.000000
-2.811009  0.000000  0.000000  0.000000  0.000000  0.000000  0.000000
-2.808310  0.000000  0.000000  0.000000  0.000000  0.000000  0.000000
-2.805611  0.000000  0.000000  0.000000  0.000000  0.000000  0.000000
-2.802912  0.000000  0.000000  0.000000  0.000000  0.000000  0.000000
-2.800213  0.000000  0.000000  0.000000  0.000000  0.000000  0.000000
-2.797514  0.000000  0.000000  0.000000  0.000000  0.000000  0.000000
-2.794815  0.000000  0.000000  0.000000  0.000000  0.000000  0.000000
-2.792116  0.000000  0.000000  0.000000  0.000000  0.000000  0.000000
-2.789417  0.000000  0.000000  0.000000  0.000000  0.000000  0.000000
-2.786718  0.000000  0.000000  0.000000  0.000000  0.000000  0.000000
-2.784019  0.000000  0.000000  0.000000  0.000000  0.000000  0.000000
-2.781320  0.000000  0.000000  0.000000  0.000000  0.000000  0.000000
-2.778621  0.000000  0.000000  0.000000  0.000000  0.000000  0.000000
-2.775922  0.000000  0.000000  0.000000  0.000000  0.000000  0.000000
-2.773223  0.000000  0.000000  0.000000  0.000000  0.000000  0.000000
-2.770524  0.000000  0.000000  0.000000  0.000000  0.000000  0.000000
-2.767825  0.000000  0.000000  0.000000  0.000000  0.000000  0.000000
-2.765126  0.000000  0.000000  0.000000  0.000000  0.000000  0.000000
-2.762427  0.000000  0.000000  0.000000  0.000000  0.000000  0.000000
-2.759728  0.000000  0.000000  0.000000  0.000000  0.000000  0.000000
-2.757029  0.000000  0.000000  0.000000  0.000000  0.000000  0.000000
-2.754331  0.000000  0.000000  0.000000  0.000000  0.000000  0.000000
-2.751632  0.000000  0.000000  0.000000  0.000000  0.000000  0.000000
-2.748933  0.000000  0.000000  0.000000  0.000000  0.000000  0.000000
-2.746234  0.000000  0.000000  0.000000  0.000000  0.000000  0.000000
-2.743535  0.000000  0.000000  0.000000  0.000000  0.000000  0.000000
-2.740836  0.000000  0.000000  0.000000  0.000000  0.000000  0.000000
-2.738137  0.000000  0.000000  0.000000  0.000000  0.000000  0.000000
-2.735438  0.000000  0.000000  0.000000  0.000000  0.000000  0.000000
-2.732739  0.000000  0.000000  0.000000  0.000000  0.000000  0.000000
-2.730040  0.000000  0.000000  0.000000  0.000000  0.000000  0.000000
-2.727341  0.000000  0.000000  0.000000  0.000000  0.000000  0.000000
-2.724642  0.000000  0.000000  0.000000  0.000000  0.000000  0.000000
-2.721943  0.000000  0.000000  0.000000  0.000000  0.000000  0.000000
-2.719244  0.000000  0.000000  0.000000  0.000000  0.000000  0.000000
-2.716545  0.000000  0.000000  0.000000  0.000000  0.000000  0.000000
-2.713846  0.000000  0.000000  0.000000  0.000000  0.000000  0.000000
-2.711147  0.000000  0.000000  0.000000  0.000000  0.000000  0.000000
-2.708448  0.000000  0.000000  0.000000  0.000000  0.000000  0.000000
-2.705749  0.000000  0.000000  0.000000  0.000000  0.000000  0.000000
-2.703050  0.000000  0.000000  0.000000  0.000000  0.000000  0.000000
-2.700351  0.000000  0.000000  0.000000  0.000000  0.000000  0.000000
-2.697652  0.000000  0.000000  0.000000  0.000000  0.000000  0.000000
-2.694953  0.000000  0.000000  0.000000  0.000000  0.000000  0.000000
-2.692254  0.000000  0.000000  0.000000  0.000000  0.000000  0.000000
-2.689555  0.000000  0.000000  0.000000  0.000000  0.000000  0.000000
-2.686856  0.000000  0.000000  0.000000  0.000000  0.000000  0.000000
-2.684157  0.000000  0.000000  0.000000  0.000000  0.000000  0.000000
-2.681458  0.000000  0.000000  0.000000  0.000000  0.000000  0.000000
-2.678759  0.000000  0.000000  0.000000  0.000000  0.000000  0.000000
-2.676060  0.000000  0.000000  0.000000  0.000000  0.000000  0.000000
-2.673361  0.000000  0.000000  0.000000  0.000000  0.000000  0.000000
-2.670662  0.000000  0.000000  0.000000  0.000000  0.000000  0.000000
-2.667963  0.000000  0.000000  0.000000  0.000000  0.000000  0.000000
-2.665264  0.000000  0.000000  0.000000  0.000000  0.000000  0.000000
-2.662566  0.000000  0.000000  0.000000  0.000000  0.000000  0.000000
-2.659867  0.000000  0.000000  0.000000  0.000000  0.000000  0.000000
-2.657168  0.000000  0.000000  0.000000  0.000000  0.000000  0.000000
-2.654469  0.000000  0.000000  0.000000  0.000000  0.000000  0.000000
-2.651770  0.000000  0.000000  0.000000  0.000000  0.000000  0.000000
-2.649071  0.000000  0.000000  0.000000  0.000000  0.000000  0.000000
-2.646372  0.000000  0.000000  0.000000  0.000000  0.000000  0.000000
-2.643673  0.000000  0.000000  0.000000  0.000000  0.000000  0.000000
-2.640974  0.000000  0.000000  0.000000  0.000000  0.000000  0.000000
-2.638275  0.000000  0.000000  0.000000  0.000000  0.000000  0.000000
-2.635576  0.000000  0.000000  0.000000  0.000000  0.000000  0.000000
-2.632877  0.000000  0.000000  0.000000  0.000000  0.000000  0.000000
-2.630178  0.000000  0.000000  0.000000  0.000000  0.000000  0.000000
-2.627479  0.000000  0.000000  0.000000  0.000000  0.000000  0.000000
-2.624780  0.000000  0.000000  0.000000  0.000000  0.000000  0.000000
-2.622081  0.000000  0.000000  0.000000  0.000000  0.000000  0.000000
-2.619382  0.000000  0.000000  0.000000  0.000000  0.000000  0.000000
-2.616683  0.000000  0.000000  0.000000  0.000000  0.000000  0.000000
-2.613984  0.000000  0.000000  0.000000  0.000000  0.000000  0.000000
-2.611285  0.000000  0.000000  0.000000  0.000000  0.000000  0.000000
-2.608586  0.000000  0.000000  0.000000  0.000000  0.000000  0.000000
-2.605887  0.000000  0.000000  0.000000  0.000000  0.000000  0.000000
-2.603188  0.000000  0.000000  0.000000  0.000000  0.000000  0.000000
-2.600489  0.000000  0.000000  0.000000  0.000000  0.000000  0.000000
-2.597790  0.000000  0.000000  0.000000  0.000000  0.000000  0.000000
-2.595091  0.000000  0.000000  0.000000  0.000000  0.000000  0.000000
-2.592392  0.000000  0.000000  0.000000  0.000000  0.000000  0.000000
-2.589693  0.000000  0.000000  0.000000  0.000000  0.000000  0.000000
-2.586994  0.000000  0.000000  0.000000  0.000000  0.000000  0.000000
-2.584295  0.000000  0.000000  0.000000  0.000000  0.000000  0.000000
-2.581596  0.000000  0.000000  0.000000  0.000000  0.000000  0.000000
-2.578897  0.000000  0.000000  0.000000  0.000000  0.000000  0.000000
-2.576198  0.000000  0.000000  0.000000  0.000000  0.000000  0.000000
-2.573500  0.000000  0.000000  0.000000  0.000000  0.000000  0.000000
-2.570801  0.000000  0.000000  0.000000  0.000000  0.000000  0.000000
-2.568102  0.000000  0.000000  0.000000  0.000000  0.000000  0.000000
-2.565403  0.000000  0.000000  0.000000  0.000000  0.000000  0.000000
-2.562704  0.000000  0.000000  0.000000  0.000000  0.000000  0.000000
-2.560005  0.000000  0.000000  0.000000  0.000000  0.000000  0.000000
-2.557306  0.000000  0.000000  0.000000  0.000000  0.000000  0.000000
-2.554607  0.000000  0.000000  0.000000  0.000000  0.000000  0.000000
-2.551908  0.000000  0.000000  0.000000  0.000000  0.000000  0.000000
-2.549209  0.000000  0.000000  0.000000  0.000000  0.000000  0.000000
-2.546510  0.000000  0.000000  0.000000  0.000000  0.000000  0.000000
-2.543811  0.000000  0.000000  0.000000  0.000000  0.000000  0.000000
-2.541112  0.000000  0.000000  0.000000  0.000000  0.000000  0.000000
-2.538413  0.000000  0.000000  0.000000  0.000000  0.000000  0.000000
-2.535714  0.000000  0.000000  0.000000  0.000000  0.000000  0.000000
-2.533015  0.000000  0.000000  0.000000  0.000000  0.000000  0.000000
-2.530316  0.000000  0.000000  0.000000  0.000000  0.000000  0.000000
-2.527617  0.000000  0.000000  0.000000  0.000000  0.000000  0.000000
-2.524918  0.000000  0.000000  0.000000  0.000000  0.000000  0.000000
-2.522219  0.000000  0.000000  0.000000  0.000000  0.000000  0.000000
-2.519520  0.000000  0.000000  0.000000  0.000000  0.000000  0.000000
-2.516821  0.000000  0.000000  0.000000  0.000000  0.000000  0.000000
-2.514122  0.000000  0.000000  0.000000  0.000000  0.000000  0.000000
-2.511423  0.000000  0.000000  0.000000  0.000000  0.000000  0.000000
-2.508724  0.000000  0.000000  0.000000  0.000000  0.000000  0.000000
-2.506025  0.000000  0.000000  0.000000  0.000000  0.000000  0.000000
-2.503326  0.000000  0.000000  0.000000  0.000000  0.000000  0.000000
-2.500627  0.000000  0.000000  0.000000  0.000000  0.000000  0.000000
-2.497928  0.000000  0.000000  0.000000  0.000000  0.000000  0.000000
-2.495229  0.000000  0.000000  0.000000  0.000000  0.000000  0.000000
-2.492530  0.000000  0.000000  0.000000  0.000000  0.000000  0.000000
-2.489831  0.000000  0.000000  0.000000  0.000000  0.000000  0.000000
-2.487132  0.000000  0.000000  0.000000  0.000000  0.000000  0.000000
-2.484434  0.000000  0.000000  0.000000  0.000000  0.000000  0.000000
-2.481735  0.000000  0.000000  0.000000  0.000000  0.000000  0.000000
-2.479036  0.000000  0.000000  0.000000  0.000000  0.000000  0.000000
-2.476337  0.000000  0.000000  0.000000  0.000000  0.000000  0.000000
-2.473638  0.000000  0.000000  0.000000  0.000000  0.000000  0.000000
-2.470939  0.000000  0.000000  0.000000  0.000000  0.000000  0.000000
-2.468240  0.000000  0.000000  0.000000  0.000000  0.000000  0.000000
-2.465541  0.000000  0.000000  0.000000  0.000000  0.000000  0.000000
-2.462842  0.000000  0.000000  0.000000  0.000000  0.000000  0.000000
-2.460143  0.000000  0.000000  0.000000  0.000000  0.000000  0.000000
-2.457444  0.000000  0.000000  0.000000  0.000000  0.000000  0.000000
-2.454745  0.000000  0.000000  0.000000  0.000000  0.000000  0.000000
-2.452046  0.000000  0.000000  0.000000  0.000000  0.000000  0.000000
-2.449347  0.000000  0.000000  0.000000  0.000000  0.000000  0.000000
-2.446648  0.000000  0.000000  0.000000  0.000000  0.000000  0.000000
-2.443949  0.000000  0.000000  0.000000  0.000000  0.000000  0.000000
-2.441250  0.000000  0.000000  0.000000  0.000000  0.000000  0.000000
-2.438551  0.000000  0.000000  0.000000  0.000000  0.000000  0.000000
-2.435852  0.000000  0.000000  0.000000  0.000000  0.000000  0.000000
-2.433153  0.000000  0.000000  0.000000  0.000000  0.000000  0.000000
-2.430454  0.000000  0.000000  0.000000  0.000000  0.000000  0.000000
-2.427755  0.000000  0.000000  0.000000  0.000000  0.000000  0.000000
-2.425056  0.000000  0.000000  0.000000  0.000000  0.000000  0.000000
-2.422357  0.000000  0.000000  0.000000  0.000000  0.000000  0.000000
-2.419658  0.000000  0.000000  0.000000  0.000000  0.000000  0.000000
-2.416959  0.000000  0.000000  0.000000  0.000000  0.000000  0.000000
-2.414260  0.000000  0.000000  0.000000  0.000000  0.000000  0.000000
-2.411561  0.000000  0.000000  0.000000  0.000000  0.000000  0.000000
-2.408862  0.000000  0.000000  0.000000  0.000000  0.000000  0.000000
-2.406163  0.000000  0.000000  0.000000  0.000000  0.000000  0.000000
-2.403464  0.000000  0.000000  0.000000  0.000000  0.000000  0.000000
-2.400765  0.000000  0.000000  0.000000  0.000000  0.000000  0.000000
-2.398066  0.000000  0.000000  0.000000  0.000000  0.000000  0.000000
-2.395367  0.000000  0.000000  0.000000  0.000000  0.000000  0.000000
-2.392669  0.000000  0.000000  0.000000  0.000000  0.000000  0.000000
-2.389970  0.000000  0.000000  0.000000  0.000000  0.000000  0.000000
-2.387271  0.000000  0.000000  0.000000  0.000000  0.000000  0.000000
-2.384572  0.000000  0.000000  0.000000  0.000000  0.000000  0.000000
-2.381873  0.000000  0.000000  0.000000  0.000000  0.000000  0.000000
-2.379174  0.000000  0.000000  0.000000  0.000000  0.000000  0.000000
-2.376475  0.000000  0.000000  0.000000  0.000000  0.000000  0.000000
-2.373776  0.000000  0.000000  0.000000  0.000000  0.000000  0.000000
-2.371077  0.000000  0.000000  0.000000  0.000000  0.000000  0.000000
-2.368378  0.000000  0.000000  0.000000  0.000000  0.000000  0.000000
-2.365679  0.000000  0.000000  0.000000  0.000000  0.000000  0.000000
-2.362980  0.000003  0.000000  0.000000  0.000000  0.000000  0.000000
-2.360281  0.000008  0.000000  0.000000  0.000000  0.000000  0.000000
-2.357582  0.000017  0.000000  0.000000  0.000000  0.000000  0.000000
-2.354883  0.000028  0.000000  0.000000  0.000000  0.000000  0.000000
-2.352184  0.000043  0.000000  0.000000  0.000000  0.000000  0.000000
-2.349485  0.000060  0.000000  0.000000  0.000000  0.000000  0.000000
-2.346786  0.000081  0.000000  0.000000  0.000000  0.000000  0.000000
-2.344087  0.000105  0.000000  0.000000  0.000000  0.000000  0.000000
-2.341388  0.000132  0.000000  0.000000  0.000000  0.000000  0.000000
-2.338689  0.000162  0.000000  0.000000  0.000000  0.000000  0.000000
-2.335990  0.000195  0.000000  0.000000  0.000000  0.000000  0.000000
-2.333291  0.000231  0.000000  0.000000  0.000000  0.000000  0.000000
-2.330592  0.000271  0.000000  0.000000  0.000000  0.000000  0.000000
-2.327893  0.000313  0.000000  0.000000  0.000000  0.000000  0.000000
-2.325194  0.000359  0.000000  0.000000  0.000000  0.000000  0.000000
-2.322495  0.000408  0.000000  0.000000  0.000000  0.000000  0.000000
-2.319796  0.000460  0.000000  0.000000  0.000000  0.000000  0.000000
-2.317097  0.000516  0.000000  0.000000  0.000000  0.000000  0.000000
-2.314398  0.000574  0.000000  0.000000  0.000000  0.000000  0.000000
-2.311699  0.000636  0.000000  0.000000  0.000000  0.000000  0.000000
-2.309000  0.000701  0.000000  0.000000  0.000000  0.000000  0.000000
-2.306301  0.000770  0.000000  0.000000  0.000000  0.000000  0.000000
-2.303603  0.000842  0.000000  0.000000  0.000000  0.000000  0.000000
-2.300904  0.000917  0.000000  0.000000  0.000000  0.000000  0.000000
-2.298205  0.000995  0.000000  0.000000  0.000000  0.000000  0.000000
-2.295506  0.001077  0.000000  0.000000  0.000000  0.000000  0.000000
-2.292807  0.001162  0.000000  0.000000  0.000000  0.000000  0.000000
-2.290108  0.001251  0.000000  0.000000  0.000000  0.000000  0.000000
-2.287409  0.001343  0.000000  0.000000  0.000000  0.000000  0.000000
-2.284710  0.001438  0.000000  0.000000  0.000000  0.000000  0.000000
-2.282011  0.001537  0.000000  0.000000  0.000000  0.000000  0.000000
-2.279312  0.001640  0.000000  0.000000  0.000000  0.000000  0.000000
-2.276613  0.001746  0.000000  0.000000  0.000000  0.000000  0.000000
-2.273914  0.001855  0.000000  0.000000  0.000000  0.000000  0.000000
-2.271215  0.001968  0.000000  0.000000  0.000000  0.000000  0.000000
-2.268516  0.002084  0.000000  0.000000  0.000000  0.000000  0.000000
-2.265817  0.002205  0.000000  0.000000  0.000000  0.000000  0.000000
-2.263118  0.002328  0.000000  0.000000  0.000000  0.000000  0.000000
-2.260419  0.002456  0.000000  0.000000  0.000000  0.000000  0.000000
-2.257720  0.002587  0.000000  0.000000  0.000000  0.000000  0.000000
-2.255021  0.002721  0.000000  0.000000  0.000000  0.000000  0.000000
-2.252322  0.002860  0.000000  0.000000  0.000000  0.000000  0.000000
-2.249623  0.003002  0.000000  0.000000  0.000000  0.000000  0.000000
-2.246924  0.003147  0.000000  0.000000  0.000000  0.000000  0.000000
-2.244225  0.003297  0.000000  0.000000  0.000000  0.000000  0.000000
-2.241526  0.003450  0.000000  0.000000  0.000000  0.000000  0.000000
-2.238827  0.003607  0.000000  0.000000  0.000000  0.000000  0.000000
-2.236128  0.003768  0.000000  0.000000  0.000000  0.000000  0.000000
-2.233429  0.003933  0.000000  0.000000  0.000000  0.000000  0.000000
-2.230730  0.004102  0.000000  0.000000  0.000000  0.000000  0.000000
-2.228031  0.004275  0.000000  0.000000  0.000000  0.000000  0.000000
-2.225332  0.004451  0.000000  0.000000  0.000000  0.000000  0.000000
-2.222633  0.004632  0.000000  0.000000  0.000000  0.000000  0.000000
-2.219934  0.004817  0.000000  0.000000  0.000000  0.000000  0.000000
-2.217235  0.005005  0.000000  0.000000  0.000000  0.000000  0.000000
-2.214537  0.005198  0.000000  0.000000  0.000000  0.000000  0.000000
-2.211838  0.005395  0.000000  0.000000  0.000000  0.000000  0.000000
-2.209139  0.005596  0.000000  0.000000  0.000000  0.000000  0.000000
-2.206440  0.005801  0.000000  0.000000  0.000000  0.000000  0.000000
-2.203741  0.006010  0.000000  0.000000  0.000000  0.000000  0.000000
-2.201042  0.006224  0.000000  0.000000  0.000000  0.000000  0.000000
-2.198343  0.006441  0.000000  0.000000  0.000000  0.000000  0.000000
-2.195644  0.006663  0.000000  0.000000  0.000000  0.000000  0.000000
-2.192945  0.006890  0.000000  0.000000  0.000000  0.000000  0.000000
-2.190246  0.007120  0.000000  0.000000  0.000000  0.000000  0.000000
-2.187547  0.007355  0.000000  0.000000  0.000000  0.000000  0.000000
-2.184848  0.007595  0.000000  0.000000  0.000000  0.000000  0.000000
-2.182149  0.007838  0.000000  0.000000  0.000000  0.000000  0.000000
-2.179450  0.008087  0.000000  0.000000  0.000000  0.000000  0.000000
-2.176751  0.008340  0.000000  0.000000  0.000000  0.000000  0.000000
-2.174052  0.008597  0.000000  0.000000  0.000000  0.000000  0.000000
-2.171353  0.008859  0.000000  0.000000  0.000000  0.000000  0.000000
-2.168654  0.009126  0.000000  0.000000  0.000000  0.000000  0.000000
-2.165955  0.009397  0.000000  0.000000  0.000000  0.000000  0.000000
-2.163256  0.009673  0.000000  0.000000  0.000000  0.000000  0.000000
-2.160557  0.009953  0.000000  0.000000  0.000000  0.000000  0.000000
-2.157858  0.010239  0.000000  0.000000  0.000000  0.000000  0.000000
-2.155159  0.010529  0.000000  0.000000  0.000000  0.000000  0.000000
-2.152460  0.010824  0.000000  0.000000  0.000000  0.000000  0.000000
-2.149761  0.011124  0.000000  0.000000  0.000000  0.000000  0.000000
-2.147062  0.011429  0.000000  0.000000  0.000000  0.000000  0.000000
-2.144363  0.011739  0.000000  0.000000  0.000000  0.000000  0.000000
-2.141664  0.012054  0.000000  0.000000  0.000000  0.000000  0.000000
-2.138965  0.012374  0.000000  0.000000  0.000000  0.000000  0.000000
-2.136266  0.012699  0.000000  0.000000  0.000000  0.000000  0.000000
-2.133567  0.013029  0.000000  0.000000  0.000000  0.000000  0.000000
-2.130868  0.013365  0.000000  0.000000  0.000000  0.000000  0.000000
-2.128169  0.013706  0.000000  0.000000  0.000000  0.000000  0.000000
-2.125470  0.014052  0.000000  0.000000  0.000000  0.000000  0.000000
-2.122772  0.014403  0.000000  0.000000  0.000000  0.000000  0.000000
-2.120073  0.014760  0.000000  0.000000  0.000000  0.000000  0.000000
-2.117374  0.015122  0.000000  0.000000  0.000000  0.000000  0.000000
-2.114675  0.015489  0.000000  0.000000  0.000000  0.000000  0.000000
-2.111976  0.015862  0.000000  0.000000  0.000000  0.000000  0.000000
-2.109277  0.016241  0.000000  0.000000  0.000000  0.000000  0.000000
-2.106578  0.016625  0.000000  0.000000  0.000000  0.000000  0.000000
-2.103879  0.017015  0.000000  0.000000  0.000000  0.000000  0.000000
-2.101180  0.017411  0.000000  0.000000  0.000000  0.000000  0.000000
-2.098481  0.017812  0.000000  0.000000  0.000000  0.000000  0.000000
-2.095782  0.018219  0.000000  0.000000  0.000000  0.000000  0.000000
-2.093083  0.018633  0.000000  0.000000  0.000000  0.000000  0.000000
-2.090384  0.019052  0.000000  0.000000  0.000000  0.000000  0.000000
-2.087685  0.019477  0.000000  0.000000  0.000000  0.000000  0.000000
-2.084986  0.019908  0.000000  0.000000  0.000000  0.000000  0.000000
-2.082287  0.020345  0.000000  0.000000  0.000000  0.000000  0.000000
-2.079588  0.020788  0.000000  0.000000  0.000000  0.000000  0.000000
-2.076889  0.021238  0.000000  0.000000  0.000000  0.000000  0.000000
-2.074190  0.021694  0.000000  0.000000  0.000000  0.000000  0.000000
-2.071491  0.022156  0.000000  0.000000  0.000000  0.000000  0.000000
-2.068792  0.022625  0.000000  0.000000  0.000000  0.000000  0.000000
-2.066093  0.023100  0.000000  0.000000  0.000000  0.000000  0.000000
-2.063394  0.023581  0.000000  0.000000  0.000000  0.000000  0.000000
-2.060695  0.024069  0.000000  0.000000  0.000000  0.000000  0.000000
-2.057996  0.024564  0.000000  0.000000  0.000000  0.000000  0.000000
-2.055297  0.025066  0.000000  0.000000  0.000000  0.000000  0.000000
-2.052598  0.025574  0.000000  0.000000  0.000000  0.000000  0.000000
-2.049899  0.026089  0.000000  0.000000  0.000000  0.000000  0.000000
-2.047200  0.026611  0.000000  0.000000  0.000000  0.000000  0.000000
-2.044501  0.027140  0.000000  0.000000  0.000000  0.000000  0.000000
-2.041802  0.027676  0.000000  0.000000  0.000000  0.000000  0.000000
-2.039103  0.028219  0.000000  0.000000  0.000000  0.000000  0.000000
-2.036404  0.028769  0.000000  0.000000  0.000000  0.000000  0.000000
-2.033706  0.029327  0.000000  0.000000  0.000000  0.000000  0.000000
-2.031007  0.029892  0.000000  0.000000  0.000000  0.000000  0.000000
-2.028308  0.030464  0.000000  0.000000  0.000000  0.000000  0.000000
-2.025609  0.031044  0.000000  0.000000  0.000000  0.000000  0.000000
-2.022910  0.031631  0.000000  0.000000  0.000000  0.000000  0.000000
-2.020211  0.032226  0.000000  0.000000  0.000000  0.000000  0.000000
-2.017512  0.032828  0.000000  0.000000  0.000000  0.000000  0.000000
-2.014813  0.033439  0.000000  0.000000  0.000000  0.000000  0.000000
-2.012114  0.034057  0.000000  0.000000  0.000000  0.000000  0.000000
-2.009415  0.034683  0.000000  0.000000  0.000000  0.000000  0.000000
-2.006716  0.035317  0.000000  0.000000  0.000000  0.000000  0.000000
-2.004017  0.035959  0.000000  0.000000  0.000000  0.000000  0.000000
-2.001318  0.036610  0.000000  0.000000  0.000000  0.000000  0.000000
-1.998619  0.037268  0.000000  0.000000  0.000000  0.000000  0.000000
-1.995920  0.037935  0.000000  0.000000  0.000000  0.000000  0.000000
-1.993221  0.038611  0.000000  0.000000  0.000000  0.000000  0.000000
-1.990522  0.039295  0.000000  0.000000  0.000000  0.000000  0.000000
-1.987823  0.039987  0.000000  0.000000  0.000000  0.000000  0.000000
-1.985124  0.040688  0.000000  0.000000  0.000000  0.000000  0.000000
-1.982425  0.041398  0.000000  0.000000  0.000000  0.000000  0.000000
-1.979726  0.042117  0.000000  0.000000  0.000000  0.000000  0.000000
-1.977027  0.042845  0.000000  0.000000  0.000000  0.000000  0.000000
-1.974328  0.043582  0.000000  0.000000  0.000000  0.000000  0.000000
-1.971629  0.044328  0.000000  0.000000  0.000000  0.000000  0.000000
-1.968930  0.045083  0.000000  0.000000  0.000000  0.000000  0.000000
-1.966231  0.045848  0.000000  0.000000  0.000000  0.000000  0.000000
-1.963532  0.046622  0.000000  0.000000  0.000000  0.000000  0.000000
-1.960833  0.047405  0.000000  0.000000  0.000000  0.000000  0.000000
-1.958134  0.048199  0.000000  0.000000  0.000000  0.000000  0.000000
-1.955435  0.049002  0.000000  0.000000  0.000000  0.000000  0.000000
-1.952736  0.049814  0.000000  0.000000  0.000000  0.000000  0.000000
-1.950037  0.050637  0.000000  0.000000  0.000000  0.000000  0.000000
-1.947338  0.051470  0.000000  0.000000  0.000000  0.000000  0.000000
-1.944640  0.052313  0.000000  0.000000  0.000000  0.000000  0.000000
-1.941941  0.053166  0.000000  0.000000  0.000000  0.000000  0.000000
-1.939242  0.054030  0.000000  0.000000  0.000000  0.000000  0.000000
-1.936543  0.054904  0.000000  0.000000  0.000000  0.000000  0.000000
-1.933844  0.055789  0.000000  0.000000  0.000000  0.000000  0.000000
-1.931145  0.056684  0.000000  0.000000  0.000000  0.000000  0.000000
-1.928446  0.057590  0.000000  0.000000  0.000000  0.000000  0.000000
-1.925747  0.058508  0.000000  0.000000  0.000000  0.000000  0.000000
-1.923048  0.059436  0.000000  0.000000  0.000000  0.000000  0.000000
-1.920349  0.060375  0.000000  0.000000  0.000000  0.000000  0.000000
-1.917650  0.061326  0.000000  0.000000  0.000000  0.000000  0.000000
-1.914951  0.062288  0.000000  0.000000  0.000000  0.000000  0.000000
-1.912252  0.063262  0.000000  0.000000  0.000000  0.000000  0.000000
-1.909553  0.064248  0.000000  0.000000  0.000000  0.000000  0.000000
-1.906854  0.065245  0.000000  0.000000  0.000000  0.000000  0.000000
-1.904155  0.066254  0.000000  0.000000  0.000000  0.000000  0.000000
-1.901456  0.067275  0.000000  0.000000  0.000000  0.000000  0.000000
-1.898757  0.068309  0.000000  0.000000  0.000000  0.000000  0.000000
-1.896058  0.069355  0.000000  0.000000  0.000000  0.000000  0.000000
-1.893359  0.070413  0.000000  0.000000  0.000000  0.000000  0.000000
-1.890660  0.071484  0.000000  0.000000  0.000000  0.000000  0.000000
-1.887961  0.072567  0.000000  0.000000  0.000000  0.000000  0.000000
-1.885262  0.073664  0.000000  0.000000  0.000000  0.000000  0.000000
-1.882563  0.074773  0.000000  0.000000  0.000000  0.000000  0.000000
-1.879864  0.075896  0.000000  0.000000  0.000000  0.000000  0.000000
-1.877165  0.077032  0.000000  0.000000  0.000000  0.000000  0.000000
-1.874466  0.078181  0.000000  0.000000  0.000000  0.000000  0.000000
-1.871767  0.079344  0.000000  0.000000  0.000000  0.000000  0.000000
-1.869068  0.080521  0.000000  0.000000  0.000000  0.000000  0.000000
-1.866369  0.081712  0.000000  0.000000  0.000000  0.000000  0.000000
-1.863670  0.082917  0.000000  0.000000  0.000000  0.000000  0.000000
-1.860971  0.084136  0.000000  0.000000  0.000000  0.000000  0.000000
-1.858272  0.085369  0.000000  0.000000  0.000000  0.000000  0.000000
-1.855573  0.086617  0.000000  0.000000  0.000000  0.000000  0.000000
-1.852875  0.087880  0.000000  0.000000  0.000000  0.000000  0.000000
-1.850176  0.089157  0.000000  0.000000  0.000000  0.000000  0.000000
-1.847477  0.090450  0.000000  0.000000  0.000000  0.000000  0.000000
-1.844778  0.091757  0.000000  0.000000  0.000000  0.000000  0.000000
-1.842079  0.093081  0.000000  0.000000  0.000000  0.000000  0.000000
-1.839380  0.094419  0.000000  0.000000  0.000000  0.000000  0.000000
-1.836681  0.095774  0.000000  0.000000  0.000000  0.000000  0.000000
-1.833982  0.097144  0.000000  0.000000  0.000000  0.000000  0.000000
-1.831283  0.098530  0.000000  0.000000  0.000000  0.000000  0.000000
-1.828584  0.099933  0.000000  0.000000  0.000000  0.000000  0.000000
-1.825885  0.101352  0.000000  0.000000  0.000000  0.000000  0.000000
-1.823186  0.102788  0.000000  0.000000  0.000000  0.000000  0.000000
-1.820487  0.104240  0.000000  0.000000  0.000000  0.000000  0.000000
-1.817788  0.105710  0.000000  0.000000  0.000000  0.000000  0.000000
-1.815089  0.107196  0.000000  0.000000  0.000000  0.000000  0.000000
-1.812390  0.108700  0.000000  0.000000  0.000000  0.000000  0.000000
-1.809691  0.110222  0.000000  0.000000  0.000000  0.000000  0.000000
-1.806992  0.111762  0.000000  0.000000  0.000000  0.000000  0.000000
-1.804293  0.113319  0.000000  0.000000  0.000000  0.000000  0.000000
-1.801594  0.114895  0.000000  0.000000  0.000000  0.000000  0.000000
-1.798895  0.116489  0.000000  0.000000  0.000000  0.000000  0.000000
-1.796196  0.118102  0.000000  0.000000  0.000000  0.000000  0.000000
-1.793497  0.119733  0.000000  0.000000  0.000000  0.000000  0.000000
-1.790798  0.121384  0.000000  0.000000  0.000000  0.000000  0.000000
-1.788099  0.123053  0.000000  0.000000  0.000000  0.000000  0.000000
-1.785400  0.124743  0.000000  0.000000  0.000000  0.000000  0.000000
-1.782701  0.126452  0.000000  0.000000  0.000000  0.000000  0.000000
-1.780002  0.128181  0.000000  0.000000  0.000000  0.000000  0.000000
-1.777303  0.129930  0.000000  0.000000  0.000000  0.000000  0.000000
-1.774604  0.131699  0.000000  0.000000  0.000000  0.000000  0.000000
-1.771905  0.133489  0.000000  0.000000  0.000000  0.000000  0.000000
-1.769206  0.135300  0.000000  0.000000  0.000000  0.000000  0.000000
-1.766507  0.137132  0.000000  0.000000  0.000000  0.000000  0.000000
-1.763809  0.138986  0.000000  0.000000  0.000000  0.000000  0.000000
-1.761110  0.140861  0.000000  0.000000  0.000000  0.000000  0.000000
-1.758411  0.142757  0.000000  0.000000  0.000000  0.000000  0.000000
-1.755712  0.144676  0.000000  0.000000  0.000000  0.000000  0.000000
-1.753013  0.146618  0.000000  0.000000  0.000000  0.000000  0.000000
-1.750314  0.148581  0.000000  0.000000  0.000000  0.000000  0.000000
-1.747615  0.150568  0.000000  0.000000  0.000000  0.000000  0.000000
-1.744916  0.152578  0.000000  0.000000  0.000000  0.000000  0.000000
-1.742217  0.154611  0.000000  0.000000  0.000000  0.000000  0.000000
-1.739518  0.156668  0.000000  0.000000  0.000000  0.000000  0.000000
-1.736819  0.158749  0.000000  0.000000  0.000000  0.000000  0.000000
-1.734120  0.160854  0.000000  0.000000  0.000000  0.000000  0.000000
-1.731421  0.162984  0.000000  0.000000  0.000000  0.000000  0.000000
-1.728722  0.165138  0.000000  0.000000  0.000000  0.000000  0.000000
-1.726023  0.167317  0.000000  0.000000  0.000000  0.000000  0.000000
-1.723324  0.169522  0.000000  0.000000  0.000000  0.000000  0.000000
-1.720625  0.171753  0.000000  0.000000  0.000000  0.000000  0.000000
-1.717926  0.174009  0.000000  0.000000  0.000000  0.000000  0.000000
-1.715227  0.176292  0.000000  0.000000  0.000000  0.000000  0.000000
-1.712528  0.178601  0.000000  0.000000  0.000000  0.000000  0.000000
-1.709829  0.180937  0.000000  0.000000  0.000000  0.000000  0.000000
-1.707130  0.183300  0.000000  0.000000  0.000000  0.000000  0.000000
-1.704431  0.185691  0.000000  0.000000  0.000000  0.000000  0.000000
-1.701732  0.188110  0.000000  0.000000  0.000000  0.000000  0.000000
-1.699033  0.190557  0.000000  0.000000  0.000000  0.000000  0.000000
-1.696334  0.193032  0.000000  0.000000  0.000000  0.000000  0.000000
-1.693635  0.195536  0.000000  0.000000  0.000000  0.000000  0.000000
-1.690936  0.198069  0.000000  0.000000  0.000000  0.000000  0.000000
-1.688237  0.200632  0.000000  0.000000  0.000000  0.000000  0.000000
-1.685538  0.203224  0.000000  0.000000  0.000000  0.000000  0.000000
-1.682839  0.205847  0.000000  0.000000  0.000000  0.000000  0.000000
-1.680140  0.208500  0.000000  0.000000  0.000000  0.000000  0.000000
-1.677441  0.211185  0.000000  0.000000  0.000000  0.000000  0.000000
-1.674743  0.213900  0.000000  0.000000  0.000000  0.000000  0.000000
-1.672044  0.216647  0.000000  0.000000  0.000000  0.000000  0.000000
-1.669345  0.219426  0.000000  0.000000  0.000000  0.000000  0.000000
-1.666646  0.222238  0.000000  0.000000  0.000000  0.000000  0.000000
-1.663947  0.225082  0.000000  0.000000  0.000000  0.000000  0.000000
-1.661248  0.227960  0.000000  0.000000  0.000000  0.000000  0.000000
-1.658549  0.230871  0.000000  0.000000  0.000000  0.000000  0.000000
-1.655850  0.233815  0.000000  0.000000  0.000000  0.000000  0.000000
-1.653151  0.236795  0.000000  0.000000  0.000000  0.000000  0.000000
-1.650452  0.239809  0.000000  0.000000  0.000000  0.000000  0.000000
-1.647753  0.242858  0.000000  0.000000  0.000000  0.000000  0.000000
-1.645054  0.245943  0.000000  0.000000  0.000000  0.000000  0.000000
-1.642355  0.249063  0.000000  0.000000  0.000000  0.000000  0.000000
-1.639656  0.252220  0.000000  0.000000  0.000000  0.000000  0.000000
-1.636957  0.255414  0.000000  0.000000  0.000000  0.000000  0.000000
-1.634258  0.258646  0.000000  0.000000  0.000000  0.000000  0.000000
-1.631559  0.261914  0.000000  0.000000  0.000000  0.000000  0.000000
-1.628860  0.265222  0.000000  0.000000  0.000000  0.000000  0.000000
-1.626161  0.268567  0.000000  0.000000  0.000000  0.000000  0.000000
-1.623462  0.271952  0.000000  0.000000  0.000000  0.000000  0.000000
-1.620763  0.275377  0.000000  0.000000  0.000000  0.000000  0.000000
-1.618064  0.278841  0.000000  0.000000  0.000000  0.000000  0.000000
-1.615365  0.282346  0.000000  0.000000  0.000000  0.000000  0.000000
-1.612666  0.285892  0.000000  0.000000  0.000000  0.000000  0.000000
-1.609967  0.289479  0.000000  0.000000  0.000000  0.000000  0.000000
-1.607268  0.293108  0.000000  0.000000  0.000000  0.000000  0.000000
-1.604569  0.296780  0.000000  0.000000  0.000000  0.000000  0.000000
-1.601870  0.300495  0.000000  0.000000  0.000000  0.000000  0.000000
-1.599171  0.304253  0.000000  0.000000  0.000000  0.000000  0.000000
-1.596472  0.308055  0.000000  0.000000  0.000000  0.000000  0.000000
-1.593773  0.311901  0.000000  0.000000  0.000000  0.000000  0.000000
-1.591074  0.315793  0.000000  0.000000  0.000000  0.000000  0.000000
-1.588375  0.319730  0.000000  0.000000  0.000000  0.000000  0.000000
-1.585676  0.323713  0.000000  0.000000  0.000000  0.000000  0.000000
-1.582978  0.327743  0.000000  0.000000  0.000000  0.000000  0.000000
-1.580279  0.331821  0.000000  0.000000  0.000000  0.000000  0.000000
-1.577580  0.335946  0.000000  0.000000  0.000000  0.000000  0.000000
-1.574881  0.340119  0.000000  0.000000  0.000000  0.000000  0.000000
-1.572182  0.344341  0.000000  0.000000  0.000000  0.000000  0.000000
-1.569483  0.348613  0.000000  0.000000  0.000000  0.000000  0.000000
-1.566784  0.352935  0.000000  0.000000  0.000000  0.000000  0.000000
-1.564085  0.357307  0.000000  0.000000  0.000000  0.000000  0.000000
-1.561386  0.361731  0.000000  0.000000  0.000000  0.000000  0.000000
-1.558687  0.366207  0.000000  0.000000  0.000000  0.000000  0.000000
-1.555988  0.370735  0.000000  0.000000  0.000000  0.000000  0.000000
-1.553289  0.375317  0.000000  0.000000  0.000000  0.000000  0.000000
-1.550590  0.379952  0.000000  0.000000  0.000000  0.000000  0.000000
-1.547891  0.384642  0.000000  0.000000  0.000000  0.000000  0.000000
-1.545192  0.389387  0.000000  0.000000  0.000000  0.000000  0.000000
-1.542493  0.394188  0.000000  0.000000  0.000000  0.000000  0.000000
-1.539794  0.399045  0.000000  0.000000  0.000000  0.000000  0.000000
-1.537095  0.403959  0.000000  0.000000  0.000000  0.000000  0.000000
-1.534396  0.408931  0.000000  0.000000  0.000000  0.000000  0.000000
-1.531697  0.413962  0.000000  0.000000  0.000000  0.000000  0.000000
-1.528998  0.419052  0.000000  0.000000  0.000000  0.000000  0.000000
-1.526299  0.424201  0.000000  0.000000  0.000000  0.000000  0.000000
-1.523600  0.429412  0.000000  0.000000  0.000000  0.000000  0.000000
-1.520901  0.434683  0.000000  0.000000  0.000000  0.000000  0.000000
-1.518202  0.440017  0.000000  0.000000  0.000000  0.000000  0.000000
-1.515503  0.445414  0.000000  0.000000  0.000000  0.000000  0.000000
-1.512804  0.450874  0.000000  0.000000  0.000000  0.000000  0.000000
-1.510105  0.456398  0.000000  0.000000  0.000000  0.000000  0.000000
-1.507406  0.461988  0.000000  0.000000  0.000000  0.000000  0.000000
-1.504707  0.467644  0.000000  0.000000  0.000000  0.000000  0.000000
-1.502008  0.473366  0.000000  0.000000  0.000000  0.000000  0.000000
-1.499309  0.479156  0.000000  0.000000  0.000000  0.000000  0.000000
-1.496610  0.485014  0.000000  0.000000  0.000000  0.000000  0.000000
-1.493912  0.490942  0.000000  0.000000  0.000000  0.000000  0.000000
-1.491213  0.496939  0.000000  0.000000  0.000000  0.000000  0.000000
-1.488514  0.503007  0.000000  0.000000  0.000000  0.000000  0.000000
-1.485815  0.509147  0.000000  0.000000  0.000000  0.000000  0.000000
-1.483116  0.515360  0.000000  0.000000  0.000000  0.000000  0.000000
-1.480417  0.521645  0.000000  0.000000  0.000000  0.000000  0.000000
-1.477718  0.528006  0.000000  0.000000  0.000000  0.000000  0.000000
-1.475019  0.534441  0.000000  0.000000  0.000000  0.000000  0.000000
-1.472320  0.540952  0.000000  0.000000  0.000000  0.000000  0.000000
-1.469621  0.547541  0.000000  0.000000  0.000000  0.000000  0.000000
-1.466922  0.554208  0.000000  0.000000  0.000000  0.000000  0.000000
-1.464223  0.560953  0.000000  0.000000  0.000000  0.000000  0.000000
-1.461524  0.567778  0.000000  0.000000  0.000000  0.000000  0.000000
-1.458825  0.574685  0.000000  0.000000  0.000000  0.000000  0.000000
-1.456126  0.581672  0.000000  0.000000  0.000000  0.000000  0.000000
-1.453427  0.588743  0.000000  0.000000  0.000000  0.000000  0.000000
-1.450728  0.595898  0.000000  0.000000  0.000000  0.000000  0.000000
-1.448029  0.603137  0.000000  0.000000  0.000000  0.000000  0.000000
-1.445330  0.610462  0.000000  0.000000  0.000000  0.000000  0.000000
-1.442631  0.617875  0.000000  0.000000  0.000000  0.000000  0.000000
-1.439932  0.625375  0.000000  0.000000  0.000000  0.000000  0.000000
-1.437233  0.632964  0.000000  0.000000  0.000000  0.000000  0.000000
-1.434534  0.640643  0.000000  0.000000  0.000000  0.000000  0.000000
-1.431835  0.648413  0.000000  0.000000  0.000000  0.000000  0.000000
-1.429136  0.656276  0.000000  0.000000  0.000000  0.000000  0.000000
-1.426437  0.664232  0.000000  0.000000  0.000000  0.000000  0.000000
-1.423738  0.672282  0.000000  0.000000  0.000000  0.000000  0.000000
-1.421039  0.680429  0.000000  0.000000  0.000000  0.000000  0.000000
-1.418340  0.688672  0.000000  0.000000  0.000000  0.000000  0.000000
-1.415641  0.697013  0.000000  0.000000  0.000000  0.000000  0.000000
-1.412942  0.705453  0.000000  0.000000  0.000000  0.000000  0.000000
-1.410243  0.713994  0.000000  0.000000  0.000000  0.000000  0.000000
-1.407544  0.722636  0.000000  0.000000  0.000000  0.000000  0.000000
-1.404846  0.731381  0.000000  0.000000  0.000000  0.000000  0.000000
-1.402147  0.740230  0.000000  0.000000  0.000000  0.000000  0.000000
-1.399448  0.749185  0.000000  0.000000  0.000000  0.000000  0.000000
-1.396749  0.758246  0.000000  0.000000  0.000000  0.000000  0.000000
-1.394050  0.767416  0.000000  0.000000  0.000000  0.000000  0.000000
-1.391351  0.776694  0.000000  0.000000  0.000000  0.000000  0.000000
-1.388652  0.786083  0.000000  0.000000  0.000000  0.000000  0.000000
-1.385953  0.795585  0.000000  0.000000  0.000000  0.000000  0.000000
-1.383254  0.805199  0.000000  0.000000  0.000000  0.000000  0.000000
-1.380555  0.814928  0.000000  0.000000  0.000000  0.000000  0.000000
-1.377856  0.824773  0.000000  0.000000  0.000000  0.000000  0.000000
-1.375157  0.834736  0.000000  0.000000  0.000000  0.000000  0.000000
-1.372458  0.844817  0.000000  0.000000  0.000000  0.000000  0.000000
-1.369759  0.855019  0.000000  0.000000  0.000000  0.000000  0.000000
-1.367060  0.865343  0.000000  0.000000  0.000000  0.000000  0.000000
-1.364361  0.875790  0.000000  0.000000  0.000000  0.000000  0.000000
-1.361662  0.886362  0.000000  0.000000  0.000000  0.000000  0.000000
-1.358963  0.897061  0.000000  0.000000  0.000000  0.000000  0.000000
-1.356264  0.907887  0.000000  0.000000  0.000000  0.000000  0.000000
-1.353565  0.918842  0.000000  0.000000  0.000000  0.000000  0.000000
-1.350866  0.929929  0.000000  0.000000  0.000000  0.000000  0.000000
-1.348167  0.941148  0.000000  0.000000  0.000000  0.000000  0.000000
-1.345468  0.952502  0.000000  0.000000  0.000000  0.000000  0.000000
-1.342769  0.963991  0.000000  0.000000  0.000000  0.000000  0.000000
-1.340070  0.975618  0.000000  0.000000  0.000000  0.000000  0.000000
-1.337371  0.987384  0.000000  0.000000  0.000000  0.000000  0.000000
-1.334672  0.999291  0.000000  0.000000  0.000000  0.000000  0.000000
-1.331973  1.011341  0.000000  0.000000  0.000000  0.000000  0.000000
-1.329274  1.023535  0.000000  0.000000  0.000000  0.000000  0.000000
-1.326575  1.035876  0.000000  0.000000  0.000000  0.000000  0.000000
-1.323876  1.048364  0.000000  0.000000  0.000000  0.000000  0.000000
-1.321177  1.061002  0.000000  0.000000  0.000000  0.000000  0.000000
-1.318478  1.073791  0.000000  0.000000  0.000000  0.000000  0.000000
-1.315779  1.086734  0.000000  0.000000  0.000000  0.000000  0.000000
-1.313081  1.099832  0.000000  0.000000  0.000000  0.000000  0.000000
-1.310382  1.113088  0.000000  0.000000  0.000000  0.000000  0.000000
-1.307683  1.126502  0.000000  0.000000  0.000000  0.000000  0.000000
-1.304984  1.140078  0.000000  0.000000  0.000000  0.000000  0.000000
-1.302285  1.153817  0.000000  0.000000  0.000000  0.000000  0.000000
-1.299586  1.167720  0.000000  0.000000  0.000000  0.000000  0.000000
-1.296887  1.181791  0.000000  0.000000  0.000000  0.000000  0.000000
-1.294188  1.196031  0.000000  0.000000  0.000000  0.000000  0.000000
-1.291489  1.210442  0.000000  0.000000  0.000000  0.000000  0.000000
-1.288790  1.225026  0.000000  0.000000  0.000000  0.000000  0.000000
-1.286091  1.239786  0.000000  0.000000  0.000000  0.000000  0.000000
-1.283392  1.254723  0.000000  0.000000  0.000000  0.000000  0.000000
-1.280693  1.269839  0.000000  0.000000  0.000000  0.000000  0.000000
-1.277994  1.285138  0.000000  0.000000  0.000000  0.000000  0.000000
-1.275295  1.300621  0.000000  0.000000  0.000000  0.000000  0.000000
-1.272596  1.316290  0.000000  0.000000  0.000000  0.000000  0.000000
-1.269897  1.332148  0.000000  0.000000  0.000000  0.000000  0.000000
-1.267198  1.348197  0.000000  0.000000  0.000000  0.000000  0.000000
-1.264499  1.364440  0.000000  0.000000  0.000000  0.000000  0.000000
-1.261800  1.380878  0.000000  0.000000  0.000000  0.000000  0.000000
-1.259101  1.397514  0.000000  0.000000  0.000000  0.000000  0.000000
-1.256402  1.414350  0.000000  0.000000  0.000000  0.000000  0.000000
-1.253703  1.431390  0.000000  0.000000  0.000000  0.000000  0.000000
-1.251004  1.448635  0.000000  0.000000  0.000000  0.000000  0.000000
-1.248305  1.466088  0.000000  0.000000  0.000000  0.000000  0.000000
-1.245606  1.483752  0.000000  0.000000  0.000000  0.000000  0.000000
-1.242907  1.501628  0.000000  0.000000  0.000000  0.000000  0.000000
-1.240208  1.519721  0.000000  0.000000  0.000000  0.000000  0.000000
-1.237509  1.538032  0.000000  0.000000  0.000000  0.000000  0.000000
-1.234810  1.556564  0.000000  0.000000  0.000000  0.000000  0.000000
-1.232111  1.575320  0.000000  0.000000  0.000000  0.000000  0.000000
-1.229412  1.594302  0.000000  0.000000  0.000000  0.000000  0.000000
-1.226713  1.613514  0.000000  0.000000  0.000000  0.000000  0.000000
-1.224015  1.632958  0.000000  0.000000  0.000000  0.000000  0.000000
-1.221316  1.652636  0.000000  0.000000  0.000000  0.000000  0.000000
-1.218617  1.672553  0.000000  0.000000  0.000000  0.000000  0.000000
-1.215918  1.692711  0.000000  0.000000  0.000000  0.000000  0.000000
-1.213219  1.713112  0.000000  0.000000  0.000000  0.000000  0.000000
-1.210520  1.733760  0.000000  0.000000  0.000000  0.000000  0.000000
-1.207821  1.754658  0.000000  0.000000  0.000000  0.000000  0.000000
-1.205122  1.775809  0.000000  0.000000  0.000000  0.000000  0.000000
-1.202423  1.797216  0.000000  0.000000  0.000000  0.000000  0.000000
-1.199724  1.818882  0.000000  0.000000  0.000000  0.000000  0.000000
-1.197025  1.840810  0.000000  0.000000  0.000000  0.000000  0.000000
-1.194326  1.863004  0.000000  0.000000  0.000000  0.000000  0.000000
-1.191627  1.885466  0.000000  0.000000  0.000000  0.000000  0.000000
-1.188928  1.908201  0.000000  0.000000  0.000000  0.000000  0.000000
-1.186229  1.931212  0.000000  0.000000  0.000000  0.000000  0.000000
-1.183530  1.954501  0.000000  0.000000  0.000000  0.000000  0.000000
-1.180831  1.978072  0.000000  0.000000  0.000000  0.000000  0.000000
-1.178132  2.001929  0.000000  0.000000  0.000000  0.000000  0.000000
-1.175433  2.026076  0.000000  0.000000  0.000000  0.000000  0.000000
-1.172734  2.050515  0.000000  0.000000  0.000000  0.000000  0.000000
-1.170035  2.075251  0.000000  0.000000  0.000000  0.000000  0.000000
-1.167336  2.100287  0.000000  0.000000  0.000000  0.000000  0.000000
-1.164637  2.125627  0.000000  0.000000  0.000000  0.000000  0.000000
-1.161938  2.151274  0.000000  0.000000  0.000000  0.000000  0.000000
-1.159239  2.177233  0.000000  0.000000  0.000000  0.000000  0.000000
-1.156540  2.203507  0.000000  0.000000  0.000000  0.000000  0.000000
-1.153841  2.230100  0.000000  0.000000  0.000000  0.000000  0.000000
-1.151142  2.257016  0.000000  0.000000  0.000000  0.000000  0.000000
-1.148443  2.284259  0.000000  0.000000  0.000000  0.000000  0.000000
-1.145744  2.311833  0.000000  0.000000  0.000000  0.000000  0.000000
-1.143045  2.339742  0.000000  0.000000  0.000000  0.000000  0.000000
-1.140346  2.367991  0.000000  0.000000  0.000000  0.000000  0.000000
-1.137647  2.396583  0.000000  0.000000  0.000000  0.000000  0.000000
-1.134949  2.425522  0.000000  0.000000  0.000000  0.000000  0.000000
-1.132250  2.454814  0.000000  0.000000  0.000000  0.000000  0.000000
-1.129551  2.484461  0.000000  0.000000  0.000000  0.000000  0.000000
-1.126852  2.514470  0.000000  0.000000  0.000000  0.000000  0.000000
-1.124153  2.544843  0.000000  0.000000  0.000000  0.000000  0.000000
-1.121454  2.575587  0.000000  0.000000  0.000000  0.000000  0.000000
-1.118755  2.606704  0.000000  0.000000  0.000000  0.000000  0.000000
-1.116056  2.638200  0.000000  0.000000  0.000000  0.000000  0.000000
-1.113357  2.670080  0.000000  0.000000  0.000000  0.000000  0.000000
-1.110658  2.702348  0.000000  0.000000  0.000000  0.000000  0.000000
-1.107959  2.735009  0.000000  0.000000  0.000000  0.000000  0.000000
-1.105260  2.768068  0.000000  0.000000  0.000000  0.000000  0.000000
-1.102561  2.801530  0.000000  0.000000  0.000000  0.000000  0.000000
-1.099862  2.835400  0.000000  0.000000  0.000000  0.000000  0.000000
-1.097163  2.869682  0.000000  0.000000  0.000000  0.000000  0.000000
-1.094464  2.904382  0.000000  0.000000  0.000000  0.000000  0.000000
-1.091765  2.939506  0.000000  0.000000  0.000000  0.000000  0.000000
-1.089066  2.975058  0.000000  0.000000  0.000000  0.000000  0.000000
-1.086367  3.011043  0.000000  0.000000  0.000000  0.000000  0.000000
-1.083668  3.047467  0.000000  0.000000  0.000000  0.000000  0.000000
-1.080969  3.084336  0.000000  0.000000  0.000000  0.000000  0.000000
-1.078270  3.121655  0.000000  0.000000  0.000000  0.000000  0.000000
-1.075571  3.159429  0.000000  0.000000  0.000000  0.000000  0.000000
-1.072872  3.197664  0.000000  0.000000  0.000000  0.000000  0.000000
-1.070173  3.236366  0.000000  0.000000  0.000000  0.000000  0.000000
-1.067474  3.275541  0.000000  0.000000  0.000000  0.000000  0.000000
-1.064775  3.315194  0.000000  0.000000  0.000000  0.000000  0.000000
-1.062076  3.355331  0.000000  0.000000  0.000000  0.000000  0.000000
-1.059377  3.395959  0.000000  0.000000  0.000000  0.000000  0.000000
-1.056678  3.437083  0.000000  0.000000  0.000000  0.000000  0.000000
-1.053979  3.478709  0.000000  0.000000  0.000000  0.000000  0.000000
-1.051280  3.520845  0.000000  0.000000  0.000000  0.000000  0.000000
-1.048581  3.563495  0.000000  0.000000  0.000000  0.000000  0.000000
-1.045882  3.606667  0.000000  0.000000  0.000000  0.000000  0.000000
-1.043184  3.650367  0.000000  0.000000  0.000000  0.000000  0.000000
-1.040485  3.694601  0.000000  0.000000  0.000000  0.000000  0.000000
-1.037786  3.739376  0.000000  0.000000  0.000000  0.000000  0.000000
-1.035087  3.784699  0.000000  0.000000  0.000000  0.000000  0.000000
-1.032388  3.830576  0.000000  0.000000  0.000000  0.000000  0.000000
-1.029689  3.877015  0.000000  0.000000  0.000000  0.000000  0.000000
-1.026990  3.924022  0.000000  0.000000  0.000000  0.000000  0.000000
-1.024291  3.971605  0.000000  0.000000  0.000000  0.000000  0.000000
-1.021592  4.019770  0.000000  0.000000  0.000000  0.000000  0.000000
-1.018893  4.068525  0.000000  0.000000  0.000000  0.000000  0.000000
-1.016194  4.117877  0.000000  0.000000  0.000000  0.000000  0.000000
-1.013495  4.167833  0.000000  0.000000  0.000000  0.000000  0.000000
-1.010796  4.218401  0.000000  0.000000  0.000000  0.000000  0.000000
-1.008097  4.269589  0.000000  0.000000  0.000000  0.000000  0.000000
-1.005398  4.321404  0.000000  0.000000  0.000000  0.000000  0.000000
-1.002699  4.373854  0.000000  0.000000  0.000000  0.000000  0.000000
-1.000000  4.426947  0.000000  0.000000  0.000000  0.000000  0.000000
